{"producer":{"name":"Blender","version":"2.81 (sub 16)","exporter_version":"6.2.4","file":"CuteCharacter.babylon"},
"autoClear":true,"clearColor":[0.0509,0.0509,0.0509],"gravity":[0,-9.81,0],
"materials":[{"name":"CuteMaterial","id":"CuteMaterial","customType":"BABYLON.PBRMaterial","backFaceCulling":true,"checkReadyOnlyOnce":false,"maxSimultaneousLights":4,"environmentIntensity":1,"albedo":[1,1,1],"reflectivity":[0.2385,0.2385,0.2385],"metallic":0}],
"multiMaterials":[],
"skeletons":[{"name":"Armature","id":0,"dimensionsAtRest":[1.8933,2.0875,0.1422],"bones":[
{"name":"Hips","index":0,"matrix":[1,0,0,0,0,1,0,0,0,0,-1,0,0,0.4993,-0.0302,1],"rest":[1,0,0,0,0,1,0,0,0,0,-1,0,0,0.4993,-0.0302,1],"parentBoneIndex":-1,"length":0.1675
,"animation":{"dataType":3,"framePerSecond":24,"keys":[
{"frame":0,"values":[1,0,0,0,0,1,0,0,0,0,-1,0,0,0.4993,-0.0302,1]},
{"frame":1,"values":[1,0,0,0,0,1,0,0,0,0,-1,0,0,0.4993,-0.0302,1]},
{"frame":10,"values":[1,0,0,0,0,1,0,0,0,0,-1,0,0,0.4993,-0.0302,1]},
{"frame":110,"values":[1,0,0,0,0,1,0,0,0,0,-1,0,0,0.4993,-0.0302,1]}],"loopBehavior":1,"name":"anim","property":"_matrix"}},
{"name":"UpperLeg.L","index":1,"matrix":[1,0,0,0,0,-1,0,0,0,0,-1,0,0.2342,0,0,1],"rest":[1,0,0,0,0,-1,0,0,0,0,-1,0,0.2342,0,0,1],"parentBoneIndex":0,"length":0.2449
,"animation":{"dataType":3,"framePerSecond":24,"keys":[
{"frame":0,"values":[1,0,0,0,0,-1,0,0,0,0,-1,0,0.2342,0,0,1]},
{"frame":1,"values":[1,0,0,0,0,-1,0,0,0,0,-1,0,0.2342,0,0,1]},
{"frame":10,"values":[1,0,0,0,0,-1,0,0,0,0,-1,0,0.2342,0,0,1]},
{"frame":12,"values":[1,0,0,0,0,-0.9997,0.0261,0,0,-0.0261,-0.9997,0,0.2342,0,0,1]},
{"frame":13,"values":[1,0,0,0,0,-0.9977,0.0672,0,0,-0.0672,-0.9977,0,0.2342,0,0,1]},
{"frame":14,"values":[1,0,0,0,0,-0.9937,0.1125,0,0,-0.1125,-0.9937,0,0.2342,0,0,1]},
{"frame":15,"values":[1,0,0,0,0,-0.9872,0.1592,0,0,-0.1592,-0.9872,0,0.2342,0,0,1]},
{"frame":16,"values":[1,0,0,0,0,-0.9785,0.2063,0,0,-0.2063,-0.9785,0,0.2342,0,0,1]},
{"frame":17,"values":[1,0,0,0,0,-0.9675,0.2529,0,0,-0.2529,-0.9675,0,0.2342,0,0,1]},
{"frame":18,"values":[1,0,0,0,0,-0.9544,0.2985,0,0,-0.2985,-0.9544,0,0.2342,0,0,1]},
{"frame":19,"values":[1,0,0,0,0,-0.9394,0.3427,0,0,-0.3427,-0.9394,0,0.2342,0,0,1]},
{"frame":20,"values":[1,0,0,0,0,-0.9228,0.3853,0,0,-0.3853,-0.9228,0,0.2342,0,0,1]},
{"frame":21,"values":[1,0,0,0,0,-0.9048,0.4259,0,0,-0.4259,-0.9048,0,0.2342,0,0,1]},
{"frame":22,"values":[1,0,0,0,0,-0.8857,0.4643,0,0,-0.4643,-0.8857,0,0.2342,0,0,1]},
{"frame":23,"values":[1,0,0,0,0,-0.8658,0.5004,0,0,-0.5004,-0.8658,0,0.2342,0,0,1]},
{"frame":24,"values":[1,0,0,0,0,-0.8454,0.5341,0,0,-0.5341,-0.8454,0,0.2342,0,0,1]},
{"frame":25,"values":[1,0,0,0,0,-0.8249,0.5653,0,0,-0.5653,-0.8249,0,0.2342,0,0,1]},
{"frame":26,"values":[1,0,0,0,0,-0.8046,0.5938,0,0,-0.5938,-0.8046,0,0.2342,0,0,1]},
{"frame":27,"values":[1,0,0,0,0,-0.7848,0.6198,0,0,-0.6198,-0.7848,0,0.2342,0,0,1]},
{"frame":28,"values":[1,0,0,0,0,-0.7658,0.643,0,0,-0.643,-0.7658,0,0.2342,0,0,1]},
{"frame":29,"values":[1,0,0,0,0,-0.7481,0.6636,0,0,-0.6636,-0.7481,0,0.2342,0,0,1]},
{"frame":30,"values":[1,0,0,0,0,-0.732,0.6813,0,0,-0.6813,-0.732,0,0.2342,0,0,1]},
{"frame":31,"values":[1,0,0,0,0,-0.7178,0.6963,0,0,-0.6963,-0.7178,0,0.2342,0,0,1]},
{"frame":32,"values":[1,0,0,0,0,-0.7059,0.7083,0,0,-0.7083,-0.7059,0,0.2342,0,0,1]},
{"frame":33,"values":[1,0,0,0,0,-0.6968,0.7173,0,0,-0.7173,-0.6968,0,0.2342,0,0,1]},
{"frame":34,"values":[1,0,0,0,0,-0.6909,0.723,0,0,-0.723,-0.6909,0,0.2342,0,0,1]},
{"frame":35,"values":[1,0,0,0,0,-0.6887,0.7251,0,0,-0.7251,-0.6887,0,0.2342,0,0,1]},
{"frame":36,"values":[1,0,0,0,0,-0.6895,0.7243,0,0,-0.7243,-0.6895,0,0.2342,0,0,1]},
{"frame":37,"values":[1,0,0,0,0,-0.6922,0.7217,0,0,-0.7217,-0.6922,0,0.2342,0,0,1]},
{"frame":38,"values":[1,0,0,0,0,-0.6968,0.7172,0,0,-0.7172,-0.6968,0,0.2342,0,0,1]},
{"frame":39,"values":[1,0,0,0,0,-0.7033,0.7109,0,0,-0.7109,-0.7033,0,0.2342,0,0,1]},
{"frame":40,"values":[1,0,0,0,0,-0.7116,0.7026,0,0,-0.7026,-0.7116,0,0.2342,0,0,1]},
{"frame":41,"values":[1,0,0,0,0,-0.7217,0.6922,0,0,-0.6922,-0.7217,0,0.2342,0,0,1]},
{"frame":42,"values":[1,0,0,0,0,-0.7335,0.6797,0,0,-0.6797,-0.7335,0,0.2342,0,0,1]},
{"frame":43,"values":[1,0,0,0,0,-0.747,0.6648,0,0,-0.6648,-0.747,0,0.2342,0,0,1]},
{"frame":44,"values":[1,0,0,0,0,-0.7621,0.6475,0,0,-0.6475,-0.7621,0,0.2342,0,0,1]},
{"frame":45,"values":[1,0,0,0,0,-0.7785,0.6276,0,0,-0.6276,-0.7785,0,0.2342,0,0,1]},
{"frame":46,"values":[1,0,0,0,0,-0.7962,0.605,0,0,-0.605,-0.7962,0,0.2342,0,0,1]},
{"frame":47,"values":[1,0,0,0,0,-0.8149,0.5796,0,0,-0.5796,-0.8149,0,0.2342,0,0,1]},
{"frame":48,"values":[1,0,0,0,0,-0.8344,0.5512,0,0,-0.5512,-0.8344,0,0.2342,0,0,1]},
{"frame":49,"values":[1,0,0,0,0,-0.8544,0.5197,0,0,-0.5197,-0.8544,0,0.2342,0,0,1]},
{"frame":50,"values":[1,0,0,0,0,-0.8745,0.4851,0,0,-0.4851,-0.8745,0,0.2342,0,0,1]},
{"frame":51,"values":[1,0,0,0,0,-0.8944,0.4473,0,0,-0.4473,-0.8944,0,0.2342,0,0,1]},
{"frame":52,"values":[1,0,0,0,0,-0.9137,0.4065,0,0,-0.4065,-0.9137,0,0.2342,0,0,1]},
{"frame":53,"values":[1,0,0,0,0,-0.932,0.3625,0,0,-0.3625,-0.932,0,0.2342,0,0,1]},
{"frame":54,"values":[1,0,0,0,0,-0.9489,0.3157,0,0,-0.3157,-0.9489,0,0.2342,0,0,1]},
{"frame":55,"values":[1,0,0,0,0,-0.9639,0.2662,0,0,-0.2662,-0.9639,0,0.2342,0,0,1]},
{"frame":56,"values":[1,0,0,0,0,-0.9768,0.2143,0,0,-0.2143,-0.9768,0,0.2342,0,0,1]},
{"frame":57,"values":[1,0,0,0,0,-0.9871,0.1604,0,0,-0.1604,-0.9871,0,0.2342,0,0,1]},
{"frame":58,"values":[1,0,0,0,0,-0.9945,0.1049,0,0,-0.1049,-0.9945,0,0.2342,0,0,1]},
{"frame":59,"values":[1,0,0,0,0,-0.9988,0.0484,0,0,-0.0484,-0.9988,0,0.2342,0,0,1]},
{"frame":60,"values":[1,0,0,0,0,-1,-0.0086,0,0,0.0086,-1,0,0.2342,0,0,1]},
{"frame":61,"values":[1,0,0,0,0,-0.9978,-0.0656,0,0,0.0656,-0.9978,0,0.2342,0,0,1]},
{"frame":62,"values":[1,0,0,0,0,-0.9925,-0.1219,0,0,0.1219,-0.9925,0,0.2342,0,0,1]},
{"frame":63,"values":[1,0,0,0,0,-0.9842,-0.1772,0,0,0.1772,-0.9842,0,0.2342,0,0,1]},
{"frame":64,"values":[1,0,0,0,0,-0.973,-0.2309,0,0,0.2309,-0.973,0,0.2342,0,0,1]},
{"frame":65,"values":[1,0,0,0,0,-0.9593,-0.2825,0,0,0.2825,-0.9593,0,0.2342,0,0,1]},
{"frame":66,"values":[1,0,0,0,0,-0.9434,-0.3317,0,0,0.3317,-0.9434,0,0.2342,0,0,1]},
{"frame":67,"values":[1,0,0,0,0,-0.9257,-0.3782,0,0,0.3782,-0.9257,0,0.2342,0,0,1]},
{"frame":68,"values":[1,0,0,0,0,-0.9067,-0.4217,0,0,0.4217,-0.9067,0,0.2342,0,0,1]},
{"frame":69,"values":[1,0,0,0,0,-0.8868,-0.4622,0,0,0.4622,-0.8868,0,0.2342,0,0,1]},
{"frame":70,"values":[1,0,0,0,0,-0.8663,-0.4996,0,0,0.4996,-0.8663,0,0.2342,0,0,1]},
{"frame":71,"values":[1,0,0,0,0,-0.8456,-0.5338,0,0,0.5338,-0.8456,0,0.2342,0,0,1]},
{"frame":72,"values":[1,0,0,0,0,-0.8252,-0.5649,0,0,0.5649,-0.8252,0,0.2342,0,0,1]},
{"frame":73,"values":[1,0,0,0,0,-0.8052,-0.5929,0,0,0.5929,-0.8052,0,0.2342,0,0,1]},
{"frame":74,"values":[1,0,0,0,0,-0.7861,-0.618,0,0,0.618,-0.7861,0,0.2342,0,0,1]},
{"frame":75,"values":[1,0,0,0,0,-0.7681,-0.6403,0,0,0.6403,-0.7681,0,0.2342,0,0,1]},
{"frame":76,"values":[1,0,0,0,0,-0.7513,-0.6599,0,0,0.6599,-0.7513,0,0.2342,0,0,1]},
{"frame":77,"values":[1,0,0,0,0,-0.736,-0.677,0,0,0.677,-0.736,0,0.2342,0,0,1]},
{"frame":78,"values":[1,0,0,0,0,-0.7222,-0.6917,0,0,0.6917,-0.7222,0,0.2342,0,0,1]},
{"frame":79,"values":[1,0,0,0,0,-0.7101,-0.7041,0,0,0.7041,-0.7101,0,0.2342,0,0,1]},
{"frame":80,"values":[1,0,0,0,0,-0.6998,-0.7143,0,0,0.7143,-0.6998,0,0.2342,0,0,1]},
{"frame":81,"values":[1,0,0,0,0,-0.6913,-0.7226,0,0,0.7226,-0.6913,0,0.2342,0,0,1]},
{"frame":82,"values":[1,0,0,0,0,-0.6847,-0.7288,0,0,0.7288,-0.6847,0,0.2342,0,0,1]},
{"frame":83,"values":[1,0,0,0,0,-0.68,-0.7333,0,0,0.7333,-0.68,0,0.2342,0,0,1]},
{"frame":84,"values":[1,0,0,0,0,-0.6771,-0.7359,0,0,0.7359,-0.6771,0,0.2342,0,0,1]},
{"frame":85,"values":[1,0,0,0,0,-0.6762,-0.7367,0,0,0.7367,-0.6762,0,0.2342,0,0,1]},
{"frame":86,"values":[1,0,0,0,0,-0.6783,-0.7348,0,0,0.7348,-0.6783,0,0.2342,0,0,1]},
{"frame":87,"values":[1,0,0,0,0,-0.6845,-0.729,0,0,0.729,-0.6845,0,0.2342,0,0,1]},
{"frame":88,"values":[1,0,0,0,0,-0.695,-0.7191,0,0,0.7191,-0.695,0,0.2342,0,0,1]},
{"frame":89,"values":[1,0,0,0,0,-0.7094,-0.7049,0,0,0.7049,-0.7094,0,0.2342,0,0,1]},
{"frame":90,"values":[1,0,0,0,0,-0.7275,-0.6862,0,0,0.6862,-0.7275,0,0.2342,0,0,1]},
{"frame":91,"values":[1,0,0,0,0,-0.7488,-0.6628,0,0,0.6628,-0.7488,0,0.2342,0,0,1]},
{"frame":92,"values":[1,0,0,0,0,-0.7728,-0.6346,0,0,0.6346,-0.7728,0,0.2342,0,0,1]},
{"frame":93,"values":[1,0,0,0,0,-0.7988,-0.6016,0,0,0.6016,-0.7988,0,0.2342,0,0,1]},
{"frame":94,"values":[1,0,0,0,0,-0.8259,-0.5639,0,0,0.5639,-0.8259,0,0.2342,0,0,1]},
{"frame":95,"values":[1,0,0,0,0,-0.8531,-0.5218,0,0,0.5218,-0.8531,0,0.2342,0,0,1]},
{"frame":96,"values":[1,0,0,0,0,-0.8794,-0.4761,0,0,0.4761,-0.8794,0,0.2342,0,0,1]},
{"frame":97,"values":[1,0,0,0,0,-0.904,-0.4274,0,0,0.4274,-0.904,0,0.2342,0,0,1]},
{"frame":98,"values":[1,0,0,0,0,-0.9262,-0.377,0,0,0.377,-0.9262,0,0.2342,0,0,1]},
{"frame":99,"values":[1,0,0,0,0,-0.9454,-0.326,0,0,0.326,-0.9454,0,0.2342,0,0,1]},
{"frame":100,"values":[1,0,0,0,0,-0.9613,-0.2756,0,0,0.2756,-0.9613,0,0.2342,0,0,1]},
{"frame":101,"values":[1,0,0,0,0,-0.9738,-0.2272,0,0,0.2272,-0.9738,0,0.2342,0,0,1]},
{"frame":102,"values":[1,0,0,0,0,-0.9833,-0.1818,0,0,0.1818,-0.9833,0,0.2342,0,0,1]},
{"frame":103,"values":[1,0,0,0,0,-0.9901,-0.1403,0,0,0.1403,-0.9901,0,0.2342,0,0,1]},
{"frame":104,"values":[1,0,0,0,0,-0.9946,-0.1035,0,0,0.1035,-0.9946,0,0.2342,0,0,1]},
{"frame":105,"values":[1,0,0,0,0,-0.9974,-0.072,0,0,0.072,-0.9974,0,0.2342,0,0,1]},
{"frame":106,"values":[1,0,0,0,0,-0.9989,-0.046,0,0,0.046,-0.9989,0,0.2342,0,0,1]},
{"frame":107,"values":[1,0,0,0,0,-0.9997,-0.0258,0,0,0.0258,-0.9997,0,0.2342,0,0,1]},
{"frame":108,"values":[1,0,0,0,0,-0.9999,-0.0114,0,0,0.0114,-0.9999,0,0.2342,0,0,1]},
{"frame":109,"values":[1,0,0,0,0,-1,-0.0028,0,0,0.0028,-1,0,0.2342,0,0,1]},
{"frame":110,"values":[1,0,0,0,0,-1,0,0,0,0,-1,0,0.2342,0,0,1]}],"loopBehavior":1,"name":"anim","property":"_matrix"}},
{"name":"LowerLeg.L","index":2,"matrix":[1,0,0,0,0,1,0,0,0,0,1,0,0,0.2449,0,1],"rest":[1,0,0,0,0,1,0,0,0,0,1,0,0,0.2449,0,1],"parentBoneIndex":1,"length":0.2518
,"animation":{"dataType":3,"framePerSecond":24,"keys":[
{"frame":0,"values":[1,0,0,0,0,1,0,0,0,0,1,0,0,0.2449,0,1]},
{"frame":1,"values":[1,0,0,0,0,1,0,0,0,0,1,0,0,0.2449,0,1]},
{"frame":10,"values":[1,0,0,0,0,1,0,0,0,0,1,0,0,0.2449,0,1]},
{"frame":110,"values":[1,0,0,0,0,1,0,0,0,0,1,0,0,0.2449,0,1]}],"loopBehavior":1,"name":"anim","property":"_matrix"}},
{"name":"Foot.L","index":3,"matrix":[-1,0,0,0,0,0,-1,0,0,-1,0,0,0,0.2518,0,1],"rest":[-1,0,0,0,0,0,-1,0,0,-1,0,0,0,0.2518,0,1],"parentBoneIndex":2,"length":0.1422
,"animation":{"dataType":3,"framePerSecond":24,"keys":[
{"frame":0,"values":[-1,0,0,0,0,0,-1,0,0,-1,0,0,0,0.2518,0,1]},
{"frame":1,"values":[-1,0,0,0,0,0,-1,0,0,-1,0,0,0,0.2518,0,1]},
{"frame":10,"values":[-1,0,0,0,0,0,-1,0,0,-1,0,0,0,0.2518,0,1]},
{"frame":110,"values":[-1,0,0,0,0,0,-1,0,0,-1,0,0,0,0.2518,0,1]}],"loopBehavior":1,"name":"anim","property":"_matrix"}},
{"name":"UpperLeg.R","index":4,"matrix":[1,0,0,0,0,-1,0,0,0,0,-1,0,-0.2342,0,0,1],"rest":[1,0,0,0,0,-1,0,0,0,0,-1,0,-0.2342,0,0,1],"parentBoneIndex":0,"length":0.2449
,"animation":{"dataType":3,"framePerSecond":24,"keys":[
{"frame":0,"values":[1,0,0,0,0,-1,0,0,0,0,-1,0,-0.2342,0,0,1]},
{"frame":1,"values":[1,0,0,0,0,-1,0,0,0,0,-1,0,-0.2342,0,0,1]},
{"frame":10,"values":[1,0,0,0,0,-1,0,0,0,0,-1,0,-0.2342,0,0,1]},
{"frame":12,"values":[1,0,0,0,0,-1,-0.0031,0,0,0.0031,-1,0,-0.2342,0,0,1]},
{"frame":13,"values":[1,0,0,0,0,-0.9999,-0.0124,0,0,0.0124,-0.9999,0,-0.2342,0,0,1]},
{"frame":14,"values":[1,0,0,0,0,-0.9996,-0.028,0,0,0.028,-0.9996,0,-0.2342,0,0,1]},
{"frame":15,"values":[1,0,0,0,0,-0.9988,-0.0499,0,0,0.0499,-0.9988,0,-0.2342,0,0,1]},
{"frame":16,"values":[1,0,0,0,0,-0.9969,-0.0781,0,0,0.0781,-0.9969,0,-0.2342,0,0,1]},
{"frame":17,"values":[1,0,0,0,0,-0.9937,-0.1122,0,0,0.1122,-0.9937,0,-0.2342,0,0,1]},
{"frame":18,"values":[1,0,0,0,0,-0.9884,-0.1519,0,0,0.1519,-0.9884,0,-0.2342,0,0,1]},
{"frame":19,"values":[1,0,0,0,0,-0.9805,-0.1965,0,0,0.1965,-0.9805,0,-0.2342,0,0,1]},
{"frame":20,"values":[1,0,0,0,0,-0.9695,-0.2451,0,0,0.2451,-0.9695,0,-0.2342,0,0,1]},
{"frame":21,"values":[1,0,0,0,0,-0.955,-0.2965,0,0,0.2965,-0.955,0,-0.2342,0,0,1]},
{"frame":22,"values":[1,0,0,0,0,-0.937,-0.3494,0,0,0.3494,-0.937,0,-0.2342,0,0,1]},
{"frame":23,"values":[1,0,0,0,0,-0.9155,-0.4024,0,0,0.4024,-0.9155,0,-0.2342,0,0,1]},
{"frame":24,"values":[1,0,0,0,0,-0.891,-0.4541,0,0,0.4541,-0.891,0,-0.2342,0,0,1]},
{"frame":25,"values":[1,0,0,0,0,-0.8642,-0.5032,0,0,0.5032,-0.8642,0,-0.2342,0,0,1]},
{"frame":26,"values":[1,0,0,0,0,-0.8361,-0.5486,0,0,0.5486,-0.8361,0,-0.2342,0,0,1]},
{"frame":27,"values":[1,0,0,0,0,-0.8078,-0.5895,0,0,0.5895,-0.8078,0,-0.2342,0,0,1]},
{"frame":28,"values":[1,0,0,0,0,-0.7803,-0.6255,0,0,0.6255,-0.7803,0,-0.2342,0,0,1]},
{"frame":29,"values":[1,0,0,0,0,-0.7546,-0.6562,0,0,0.6562,-0.7546,0,-0.2342,0,0,1]},
{"frame":30,"values":[1,0,0,0,0,-0.7317,-0.6817,0,0,0.6817,-0.7317,0,-0.2342,0,0,1]},
{"frame":31,"values":[1,0,0,0,0,-0.7121,-0.7021,0,0,0.7021,-0.7121,0,-0.2342,0,0,1]},
{"frame":32,"values":[1,0,0,0,0,-0.6965,-0.7175,0,0,0.7175,-0.6965,0,-0.2342,0,0,1]},
{"frame":33,"values":[1,0,0,0,0,-0.6852,-0.7283,0,0,0.7283,-0.6852,0,-0.2342,0,0,1]},
{"frame":34,"values":[1,0,0,0,0,-0.6784,-0.7347,0,0,0.7347,-0.6784,0,-0.2342,0,0,1]},
{"frame":35,"values":[1,0,0,0,0,-0.6762,-0.7367,0,0,0.7367,-0.6762,0,-0.2342,0,0,1]},
{"frame":36,"values":[1,0,0,0,0,-0.6775,-0.7355,0,0,0.7355,-0.6775,0,-0.2342,0,0,1]},
{"frame":37,"values":[1,0,0,0,0,-0.6817,-0.7317,0,0,0.7317,-0.6817,0,-0.2342,0,0,1]},
{"frame":38,"values":[1,0,0,0,0,-0.6886,-0.7252,0,0,0.7252,-0.6886,0,-0.2342,0,0,1]},
{"frame":39,"values":[1,0,0,0,0,-0.6983,-0.7158,0,0,0.7158,-0.6983,0,-0.2342,0,0,1]},
{"frame":40,"values":[1,0,0,0,0,-0.7108,-0.7034,0,0,0.7034,-0.7108,0,-0.2342,0,0,1]},
{"frame":41,"values":[1,0,0,0,0,-0.7259,-0.6878,0,0,0.6878,-0.7259,0,-0.2342,0,0,1]},
{"frame":42,"values":[1,0,0,0,0,-0.7433,-0.669,0,0,0.669,-0.7433,0,-0.2342,0,0,1]},
{"frame":43,"values":[1,0,0,0,0,-0.7628,-0.6467,0,0,0.6467,-0.7628,0,-0.2342,0,0,1]},
{"frame":44,"values":[1,0,0,0,0,-0.7839,-0.6209,0,0,0.6209,-0.7839,0,-0.2342,0,0,1]},
{"frame":45,"values":[1,0,0,0,0,-0.8061,-0.5918,0,0,0.5918,-0.8061,0,-0.2342,0,0,1]},
{"frame":46,"values":[1,0,0,0,0,-0.829,-0.5593,0,0,0.5593,-0.829,0,-0.2342,0,0,1]},
{"frame":47,"values":[1,0,0,0,0,-0.8519,-0.5237,0,0,0.5237,-0.8519,0,-0.2342,0,0,1]},
{"frame":48,"values":[1,0,0,0,0,-0.8743,-0.4854,0,0,0.4854,-0.8743,0,-0.2342,0,0,1]},
{"frame":49,"values":[1,0,0,0,0,-0.8956,-0.4449,0,0,0.4449,-0.8956,0,-0.2342,0,0,1]},
{"frame":50,"values":[1,0,0,0,0,-0.9154,-0.4026,0,0,0.4026,-0.9154,0,-0.2342,0,0,1]},
{"frame":51,"values":[1,0,0,0,0,-0.9333,-0.3592,0,0,0.3592,-0.9333,0,-0.2342,0,0,1]},
{"frame":52,"values":[1,0,0,0,0,-0.949,-0.3152,0,0,0.3152,-0.949,0,-0.2342,0,0,1]},
{"frame":53,"values":[1,0,0,0,0,-0.9625,-0.2713,0,0,0.2713,-0.9625,0,-0.2342,0,0,1]},
{"frame":54,"values":[1,0,0,0,0,-0.9737,-0.2279,0,0,0.2279,-0.9737,0,-0.2342,0,0,1]},
{"frame":55,"values":[1,0,0,0,0,-0.9826,-0.1856,0,0,0.1856,-0.9826,0,-0.2342,0,0,1]},
{"frame":56,"values":[1,0,0,0,0,-0.9895,-0.1447,0,0,0.1447,-0.9895,0,-0.2342,0,0,1]},
{"frame":57,"values":[1,0,0,0,0,-0.9944,-0.1054,0,0,0.1054,-0.9944,0,-0.2342,0,0,1]},
{"frame":58,"values":[1,0,0,0,0,-0.9977,-0.0682,0,0,0.0682,-0.9977,0,-0.2342,0,0,1]},
{"frame":59,"values":[1,0,0,0,0,-0.9995,-0.033,0,0,0.033,-0.9995,0,-0.2342,0,0,1]},
{"frame":60,"values":[1,0,0,0,0,-1,0,0,0,0,-1,0,-0.2342,0,0,1]},
{"frame":61,"values":[1,0,0,0,0,-0.9995,0.0329,0,0,-0.0329,-0.9995,0,-0.2342,0,0,1]},
{"frame":62,"values":[1,0,0,0,0,-0.9977,0.0679,0,0,-0.0679,-0.9977,0,-0.2342,0,0,1]},
{"frame":63,"values":[1,0,0,0,0,-0.9945,0.1049,0,0,-0.1049,-0.9945,0,-0.2342,0,0,1]},
{"frame":64,"values":[1,0,0,0,0,-0.9896,0.1437,0,0,-0.1437,-0.9896,0,-0.2342,0,0,1]},
{"frame":65,"values":[1,0,0,0,0,-0.9829,0.1842,0,0,-0.1842,-0.9829,0,-0.2342,0,0,1]},
{"frame":66,"values":[1,0,0,0,0,-0.9742,0.2259,0,0,-0.2259,-0.9742,0,-0.2342,0,0,1]},
{"frame":67,"values":[1,0,0,0,0,-0.9633,0.2686,0,0,-0.2686,-0.9633,0,-0.2342,0,0,1]},
{"frame":68,"values":[1,0,0,0,0,-0.9502,0.3117,0,0,-0.3117,-0.9502,0,-0.2342,0,0,1]},
{"frame":69,"values":[1,0,0,0,0,-0.9349,0.3548,0,0,-0.3548,-0.9349,0,-0.2342,0,0,1]},
{"frame":70,"values":[1,0,0,0,0,-0.9177,0.3974,0,0,-0.3974,-0.9177,0,-0.2342,0,0,1]},
{"frame":71,"values":[1,0,0,0,0,-0.8986,0.4388,0,0,-0.4388,-0.8986,0,-0.2342,0,0,1]},
{"frame":72,"values":[1,0,0,0,0,-0.8781,0.4785,0,0,-0.4785,-0.8781,0,-0.2342,0,0,1]},
{"frame":73,"values":[1,0,0,0,0,-0.8566,0.5159,0,0,-0.5159,-0.8566,0,-0.2342,0,0,1]},
{"frame":74,"values":[1,0,0,0,0,-0.8347,0.5508,0,0,-0.5508,-0.8347,0,-0.2342,0,0,1]},
{"frame":75,"values":[1,0,0,0,0,-0.8128,0.5826,0,0,-0.5826,-0.8128,0,-0.2342,0,0,1]},
{"frame":76,"values":[1,0,0,0,0,-0.7915,0.6112,0,0,-0.6112,-0.7915,0,-0.2342,0,0,1]},
{"frame":77,"values":[1,0,0,0,0,-0.7713,0.6365,0,0,-0.6365,-0.7713,0,-0.2342,0,0,1]},
{"frame":78,"values":[1,0,0,0,0,-0.7527,0.6583,0,0,-0.6583,-0.7527,0,-0.2342,0,0,1]},
{"frame":79,"values":[1,0,0,0,0,-0.7361,0.6769,0,0,-0.6769,-0.7361,0,-0.2342,0,0,1]},
{"frame":80,"values":[1,0,0,0,0,-0.7217,0.6922,0,0,-0.6922,-0.7217,0,-0.2342,0,0,1]},
{"frame":81,"values":[1,0,0,0,0,-0.7098,0.7044,0,0,-0.7044,-0.7098,0,-0.2342,0,0,1]},
{"frame":82,"values":[1,0,0,0,0,-0.7005,0.7136,0,0,-0.7136,-0.7005,0,-0.2342,0,0,1]},
{"frame":83,"values":[1,0,0,0,0,-0.6939,0.7201,0,0,-0.7201,-0.6939,0,-0.2342,0,0,1]},
{"frame":84,"values":[1,0,0,0,0,-0.69,0.7238,0,0,-0.7238,-0.69,0,-0.2342,0,0,1]},
{"frame":85,"values":[1,0,0,0,0,-0.6887,0.7251,0,0,-0.7251,-0.6887,0,-0.2342,0,0,1]},
{"frame":86,"values":[1,0,0,0,0,-0.6907,0.7231,0,0,-0.7231,-0.6907,0,-0.2342,0,0,1]},
{"frame":87,"values":[1,0,0,0,0,-0.6968,0.7173,0,0,-0.7173,-0.6968,0,-0.2342,0,0,1]},
{"frame":88,"values":[1,0,0,0,0,-0.7068,0.7074,0,0,-0.7074,-0.7068,0,-0.2342,0,0,1]},
{"frame":89,"values":[1,0,0,0,0,-0.7207,0.6933,0,0,-0.6933,-0.7207,0,-0.2342,0,0,1]},
{"frame":90,"values":[1,0,0,0,0,-0.7381,0.6747,0,0,-0.6747,-0.7381,0,-0.2342,0,0,1]},
{"frame":91,"values":[1,0,0,0,0,-0.7587,0.6514,0,0,-0.6514,-0.7587,0,-0.2342,0,0,1]},
{"frame":92,"values":[1,0,0,0,0,-0.7818,0.6235,0,0,-0.6235,-0.7818,0,-0.2342,0,0,1]},
{"frame":93,"values":[1,0,0,0,0,-0.8068,0.5908,0,0,-0.5908,-0.8068,0,-0.2342,0,0,1]},
{"frame":94,"values":[1,0,0,0,0,-0.8328,0.5535,0,0,-0.5535,-0.8328,0,-0.2342,0,0,1]},
{"frame":95,"values":[1,0,0,0,0,-0.859,0.512,0,0,-0.512,-0.859,0,-0.2342,0,0,1]},
{"frame":96,"values":[1,0,0,0,0,-0.8843,0.467,0,0,-0.467,-0.8843,0,-0.2342,0,0,1]},
{"frame":97,"values":[1,0,0,0,0,-0.9079,0.4192,0,0,-0.4192,-0.9079,0,-0.2342,0,0,1]},
{"frame":98,"values":[1,0,0,0,0,-0.9292,0.3696,0,0,-0.3696,-0.9292,0,-0.2342,0,0,1]},
{"frame":99,"values":[1,0,0,0,0,-0.9476,0.3195,0,0,-0.3195,-0.9476,0,-0.2342,0,0,1]},
{"frame":100,"values":[1,0,0,0,0,-0.9628,0.2702,0,0,-0.2702,-0.9628,0,-0.2342,0,0,1]},
{"frame":101,"values":[1,0,0,0,0,-0.9749,0.2227,0,0,-0.2227,-0.9749,0,-0.2342,0,0,1]},
{"frame":102,"values":[1,0,0,0,0,-0.984,0.1781,0,0,-0.1781,-0.984,0,-0.2342,0,0,1]},
{"frame":103,"values":[1,0,0,0,0,-0.9905,0.1375,0,0,-0.1375,-0.9905,0,-0.2342,0,0,1]},
{"frame":104,"values":[1,0,0,0,0,-0.9948,0.1015,0,0,-0.1015,-0.9948,0,-0.2342,0,0,1]},
{"frame":105,"values":[1,0,0,0,0,-0.9975,0.0706,0,0,-0.0706,-0.9975,0,-0.2342,0,0,1]},
{"frame":106,"values":[1,0,0,0,0,-0.999,0.0451,0,0,-0.0451,-0.999,0,-0.2342,0,0,1]},
{"frame":107,"values":[1,0,0,0,0,-0.9997,0.0253,0,0,-0.0253,-0.9997,0,-0.2342,0,0,1]},
{"frame":108,"values":[1,0,0,0,0,-0.9999,0.0112,0,0,-0.0112,-0.9999,0,-0.2342,0,0,1]},
{"frame":109,"values":[1,0,0,0,0,-1,0.0028,0,0,-0.0028,-1,0,-0.2342,0,0,1]},
{"frame":110,"values":[1,0,0,0,0,-1,0,0,0,0,-1,0,-0.2342,0,0,1]}],"loopBehavior":1,"name":"anim","property":"_matrix"}},
{"name":"LowerLeg.R","index":5,"matrix":[1,0,0,0,0,1,0,0,0,0,1,0,0,0.2449,0,1],"rest":[1,0,0,0,0,1,0,0,0,0,1,0,0,0.2449,0,1],"parentBoneIndex":4,"length":0.2518
,"animation":{"dataType":3,"framePerSecond":24,"keys":[
{"frame":0,"values":[1,0,0,0,0,1,0,0,0,0,1,0,0,0.2449,0,1]},
{"frame":1,"values":[1,0,0,0,0,1,0,0,0,0,1,0,0,0.2449,0,1]},
{"frame":10,"values":[1,0,0,0,0,1,0,0,0,0,1,0,0,0.2449,0,1]},
{"frame":110,"values":[1,0,0,0,0,1,0,0,0,0,1,0,0,0.2449,0,1]}],"loopBehavior":1,"name":"anim","property":"_matrix"}},
{"name":"Foot.R","index":6,"matrix":[-1,0,0,0,0,0,-1,0,0,-1,0,0,0,0.2518,0,1],"rest":[-1,0,0,0,0,0,-1,0,0,-1,0,0,0,0.2518,0,1],"parentBoneIndex":5,"length":0.1422
,"animation":{"dataType":3,"framePerSecond":24,"keys":[
{"frame":0,"values":[-1,0,0,0,0,0,-1,0,0,-1,0,0,0,0.2518,0,1]},
{"frame":1,"values":[-1,0,0,0,0,0,-1,0,0,-1,0,0,0,0.2518,0,1]},
{"frame":10,"values":[-1,0,0,0,0,0,-1,0,0,-1,0,0,0,0.2518,0,1]},
{"frame":110,"values":[-1,0,0,0,0,0,-1,0,0,-1,0,0,0,0.2518,0,1]}],"loopBehavior":1,"name":"anim","property":"_matrix"}},
{"name":"LowerSpine","index":7,"matrix":[1,0,0,0,0,1,0,0,0,0,1,0,0,0.1675,0,1],"rest":[1,0,0,0,0,1,0,0,0,0,1,0,0,0.1675,0,1],"parentBoneIndex":0,"length":0.1675
,"animation":{"dataType":3,"framePerSecond":24,"keys":[
{"frame":0,"values":[1,0,0,0,0,1,0,0,0,0,1,0,0,0.1675,0,1]},
{"frame":1,"values":[1,0,0,0,0,1,0,0,0,0,1,0,0,0.1675,0,1]},
{"frame":10,"values":[1,0,0,0,0,1,0,0,0,0,1,0,0,0.1675,0,1]},
{"frame":110,"values":[1,0,0,0,0,1,0,0,0,0,1,0,0,0.1675,0,1]}],"loopBehavior":1,"name":"anim","property":"_matrix"}},
{"name":"Chest","index":8,"matrix":[1,0,0,0,0,1,0,0,0,0,1,0,0,0.1675,0,1],"rest":[1,0,0,0,0,1,0,0,0,0,1,0,0,0.1675,0,1],"parentBoneIndex":7,"length":0.2771
,"animation":{"dataType":3,"framePerSecond":24,"keys":[
{"frame":0,"values":[1,0,0,0,0,1,0,0,0,0,1,0,0,0.1675,0,1]},
{"frame":1,"values":[1,0,0,0,0,1,0,0,0,0,1,0,0,0.1675,0,1]},
{"frame":10,"values":[1,0,0,0,0,1,0,0,0,0,1,0,0,0.1675,0,1]},
{"frame":110,"values":[1,0,0,0,0,1,0,0,0,0,1,0,0,0.1675,0,1]}],"loopBehavior":1,"name":"anim","property":"_matrix"}},
{"name":"Neck","index":9,"matrix":[1,0,0,0,0,1,0,0,0,0,1,0,0,0.2771,0,1],"rest":[1,0,0,0,0,1,0,0,0,0,1,0,0,0.2771,0,1],"parentBoneIndex":8,"length":0.043
,"animation":{"dataType":3,"framePerSecond":24,"keys":[
{"frame":0,"values":[1,0,0,0,0,1,0,0,0,0,1,0,0,0.2771,0,1]},
{"frame":1,"values":[1,0,0,0,0,1,0,0,0,0,1,0,0,0.2771,0,1]},
{"frame":10,"values":[1,0,0,0,0,1,0,0,0,0,1,0,0,0.2771,0,1]},
{"frame":110,"values":[1,0,0,0,0,1,0,0,0,0,1,0,0,0.2771,0,1]}],"loopBehavior":1,"name":"anim","property":"_matrix"}},
{"name":"Head","index":10,"matrix":[1,0,0,0,0,1,0,0,0,0,1,0,0,0.043,0,1],"rest":[1,0,0,0,0,1,0,0,0,0,1,0,0,0.043,0,1],"parentBoneIndex":9,"length":0.9357
,"animation":{"dataType":3,"framePerSecond":24,"keys":[
{"frame":0,"values":[1,0,0,0,0,1,0,0,0,0,1,0,0,0.043,0,1]},
{"frame":1,"values":[1,0,0,0,0,1,0,0,0,0,1,0,0,0.043,0,1]},
{"frame":10,"values":[1,0,0,0,0,1,0,0,0,0,1,0,0,0.043,0,1]},
{"frame":110,"values":[1,0,0,0,0,1,0,0,0,0,1,0,0,0.043,0,1]}],"loopBehavior":1,"name":"anim","property":"_matrix"}},
{"name":"ShoulderConnector.L","index":11,"matrix":[0.7139,0.5299,-0.4578,0,0.596,-0.803,0,0,-0.3676,-0.2729,-0.8891,0,0,0.2771,0,1],"rest":[0.7139,0.5299,-0.4578,0,0.596,-0.803,0,0,-0.3676,-0.2729,-0.8891,0,0,0.2771,0,1],"parentBoneIndex":8,"length":0.1374
,"animation":{"dataType":3,"framePerSecond":24,"keys":[
{"frame":0,"values":[0.7139,0.5299,-0.4578,0,0.596,-0.803,0,0,-0.3676,-0.2729,-0.8891,0,0,0.2771,0,1]},
{"frame":1,"values":[0.7139,0.5299,-0.4578,0,0.596,-0.803,0,0,-0.3676,-0.2729,-0.8891,0,0,0.2771,0,1]},
{"frame":10,"values":[0.7139,0.5299,-0.4578,0,0.596,-0.803,0,0,-0.3676,-0.2729,-0.8891,0,0,0.2771,0,1]},
{"frame":110,"values":[0.7139,0.5299,-0.4578,0,0.596,-0.803,0,0,-0.3676,-0.2729,-0.8891,0,0,0.2771,0,1]}],"loopBehavior":1,"name":"anim","property":"_matrix"}},
{"name":"Shoulder.L","index":12,"matrix":[-0.4578,0,-0.8891,0,0.7139,0.596,-0.3676,0,0.5299,-0.803,-0.2729,0,0,0.1374,0,1],"rest":[-0.4578,0,-0.8891,0,0.7139,0.596,-0.3676,0,0.5299,-0.803,-0.2729,0,0,0.1374,0,1],"parentBoneIndex":11,"length":0.1835
,"animation":{"dataType":3,"framePerSecond":24,"keys":[
{"frame":0,"values":[-0.4578,0,-0.8891,0,0.7139,0.596,-0.3676,0,0.5299,-0.803,-0.2729,0,0,0.1374,0,1]},
{"frame":1,"values":[-0.4578,0,-0.8891,0,0.7139,0.596,-0.3676,0,0.5299,-0.803,-0.2729,0,0,0.1374,0,1]},
{"frame":10,"values":[-0.4578,0,-0.8891,0,0.7139,0.596,-0.3676,0,0.5299,-0.803,-0.2729,0,0,0.1374,0,1]},
{"frame":110,"values":[-0.4578,0,-0.8891,0,0.7139,0.596,-0.3676,0,0.5299,-0.803,-0.2729,0,0,0.1374,0,1]}],"loopBehavior":1,"name":"anim","property":"_matrix"}},
{"name":"UpperArm.L","index":13,"matrix":[1,0,0,0,0,0.3503,-0.9366,0,0,0.9366,0.3503,0,0,0.1835,0,1],"rest":[1,0,0,0,0,1,0,0,0,0,1,0,0,0.1835,0,1],"parentBoneIndex":12,"length":0.2946
,"animation":{"dataType":3,"framePerSecond":24,"keys":[
{"frame":0,"values":[1,0,0,0,0,0.3503,-0.9366,0,0,0.9366,0.3503,0,0,0.1835,0,1]},
{"frame":1,"values":[1,0,0,0,0,0.3503,-0.9366,0,0,0.9366,0.3503,0,0,0.1835,0,1]},
{"frame":10,"values":[1,0,0,0,0,0.3503,-0.9366,0,0,0.9366,0.3503,0,0,0.1835,0,1]},
{"frame":12,"values":[1,0,-0.0029,0,-0.0027,0.3503,-0.9366,0,0.001,0.9366,0.3503,0,0,0.1835,0,1]},
{"frame":13,"values":[0.9999,0,-0.0116,0,-0.0109,0.3503,-0.9366,0,0.0041,0.9366,0.3503,0,0,0.1835,0,1]},
{"frame":14,"values":[0.9997,0,-0.0262,0,-0.0246,0.3503,-0.9363,0,0.0092,0.9366,0.3502,0,0,0.1835,0,1]},
{"frame":15,"values":[0.9989,0,-0.0468,0,-0.0438,0.3503,-0.9356,0,0.0164,0.9366,0.35,0,0,0.1835,0,1]},
{"frame":16,"values":[0.9973,0,-0.0731,0,-0.0685,0.3503,-0.9341,0,0.0256,0.9366,0.3494,0,0,0.1835,0,1]},
{"frame":17,"values":[0.9945,0,-0.105,0,-0.0984,0.3503,-0.9314,0,0.0368,0.9366,0.3484,0,0,0.1835,0,1]},
{"frame":18,"values":[0.9898,0,-0.1421,0,-0.1331,0.3503,-0.9271,0,0.0498,0.9366,0.3468,0,0,0.1835,0,1]},
{"frame":19,"values":[0.983,0,-0.1838,0,-0.1722,0.3503,-0.9207,0,0.0644,0.9366,0.3444,0,0,0.1835,0,1]},
{"frame":20,"values":[0.9734,0,-0.2292,0,-0.2147,0.3503,-0.9117,0,0.0803,0.9366,0.341,0,0,0.1835,0,1]},
{"frame":21,"values":[0.9608,0,-0.2774,0,-0.2598,0.3503,-0.8999,0,0.0972,0.9366,0.3366,0,0,0.1835,0,1]},
{"frame":22,"values":[0.945,0,-0.327,0,-0.3063,0.3503,-0.8851,0,0.1146,0.9366,0.3311,0,0,0.1835,0,1]},
{"frame":23,"values":[0.9262,0,-0.3769,0,-0.353,0.3503,-0.8675,0,0.1321,0.9366,0.3245,0,0,0.1835,0,1]},
{"frame":24,"values":[0.9048,0,-0.4257,0,-0.3988,0.3503,-0.8475,0,0.1492,0.9366,0.317,0,0,0.1835,0,1]},
{"frame":25,"values":[0.8814,0,-0.4723,0,-0.4423,0.3503,-0.8256,0,0.1655,0.9366,0.3088,0,0,0.1835,0,1]},
{"frame":26,"values":[0.8569,0,-0.5156,0,-0.4829,0.3503,-0.8026,0,0.1806,0.9366,0.3002,0,0,0.1835,0,1]},
{"frame":27,"values":[0.832,0,-0.5548,0,-0.5196,0.3503,-0.7793,0,0.1944,0.9366,0.2915,0,0,0.1835,0,1]},
{"frame":28,"values":[0.8078,0,-0.5894,0,-0.5521,0.3503,-0.7566,0,0.2065,0.9366,0.283,0,0,0.1835,0,1]},
{"frame":29,"values":[0.7852,0,-0.6192,0,-0.58,0.3503,-0.7355,0,0.2169,0.9366,0.2751,0,0,0.1835,0,1]},
{"frame":30,"values":[0.765,0,-0.6441,0,-0.6032,0.3503,-0.7165,0,0.2256,0.9366,0.268,0,0,0.1835,0,1]},
{"frame":31,"values":[0.7477,0,-0.664,0,-0.6219,0.3503,-0.7003,0,0.2326,0.9366,0.262,0,0,0.1835,0,1]},
{"frame":32,"values":[0.7339,0,-0.6792,0,-0.6362,0.3503,-0.6874,0,0.238,0.9366,0.2571,0,0,0.1835,0,1]},
{"frame":33,"values":[0.7239,0,-0.6899,0,-0.6462,0.3503,-0.678,0,0.2417,0.9366,0.2536,0,0,0.1835,0,1]},
{"frame":34,"values":[0.7179,0,-0.6962,0,-0.6521,0.3503,-0.6724,0,0.2439,0.9366,0.2515,0,0,0.1835,0,1]},
{"frame":35,"values":[0.7158,0,-0.6983,0,-0.654,0.3503,-0.6705,0,0.2446,0.9366,0.2508,0,0,0.1835,0,1]},
{"frame":36,"values":[0.7169,0,-0.6972,0,-0.653,0.3504,-0.6715,0,0.2443,0.9366,0.2512,0,0,0.1835,0,1]},
{"frame":37,"values":[0.7202,0,-0.6938,0,-0.6498,0.3505,-0.6745,0,0.2431,0.9366,0.2524,0,0,0.1835,0,1]},
{"frame":38,"values":[0.7256,0.0001,-0.6881,0,-0.6444,0.3506,-0.6796,0,0.2412,0.9365,0.2545,0,0,0.1835,0,1]},
{"frame":39,"values":[0.7334,0.0002,-0.6799,0,-0.6367,0.3509,-0.6867,0,0.2384,0.9364,0.2574,0,0,0.1835,0,1]},
{"frame":40,"values":[0.7432,0.0003,-0.669,0,-0.6265,0.3512,-0.6958,0,0.2348,0.9363,0.2612,0,0,0.1835,0,1]},
{"frame":41,"values":[0.7552,0.0004,-0.6555,0,-0.6137,0.3515,-0.7069,0,0.2302,0.9362,0.2657,0,0,0.1835,0,1]},
{"frame":42,"values":[0.7691,0.0005,-0.6391,0,-0.5983,0.3519,-0.7198,0,0.2246,0.936,0.271,0,0,0.1835,0,1]},
{"frame":43,"values":[0.7848,0.0006,-0.6198,0,-0.5802,0.3524,-0.7343,0,0.218,0.9358,0.2769,0,0,0.1835,0,1]},
{"frame":44,"values":[0.8019,0.0007,-0.5975,0,-0.5593,0.353,-0.7501,0,0.2104,0.9356,0.2834,0,0,0.1835,0,1]},
{"frame":45,"values":[0.82,0.0008,-0.5723,0,-0.5356,0.3535,-0.7669,0,0.2017,0.9354,0.2904,0,0,0.1835,0,1]},
{"frame":46,"values":[0.8389,0.0009,-0.5443,0,-0.5093,0.3542,-0.7844,0,0.192,0.9352,0.2976,0,0,0.1835,0,1]},
{"frame":47,"values":[0.8581,0.001,-0.5135,0,-0.4804,0.3548,-0.8021,0,0.1814,0.9349,0.3049,0,0,0.1835,0,1]},
{"frame":48,"values":[0.8771,0.0011,-0.4803,0,-0.4492,0.3555,-0.8197,0,0.1699,0.9347,0.3123,0,0,0.1835,0,1]},
{"frame":49,"values":[0.8956,0.0011,-0.4449,0,-0.4161,0.3561,-0.8367,0,0.1575,0.9344,0.3194,0,0,0.1835,0,1]},
{"frame":50,"values":[0.9131,0.0011,-0.4078,0,-0.3813,0.3568,-0.8528,0,0.1446,0.9342,0.3262,0,0,0.1835,0,1]},
{"frame":51,"values":[0.9293,0.001,-0.3693,0,-0.3452,0.3574,-0.8678,0,0.1311,0.9339,0.3325,0,0,0.1835,0,1]},
{"frame":52,"values":[0.944,0.001,-0.33,0,-0.3084,0.358,-0.8813,0,0.1173,0.9337,0.3383,0,0,0.1835,0,1]},
{"frame":53,"values":[0.957,0.0009,-0.2902,0,-0.2712,0.3585,-0.8932,0,0.1032,0.9335,0.3434,0,0,0.1835,0,1]},
{"frame":54,"values":[0.9681,0.0008,-0.2505,0,-0.234,0.359,-0.9035,0,0.0892,0.9333,0.3478,0,0,0.1835,0,1]},
{"frame":55,"values":[0.9775,0.0007,-0.2111,0,-0.1973,0.3595,-0.9121,0,0.0753,0.9332,0.3515,0,0,0.1835,0,1]},
{"frame":56,"values":[0.985,0.0006,-0.1726,0,-0.1612,0.3598,-0.919,0,0.0616,0.933,0.3545,0,0,0.1835,0,1]},
{"frame":57,"values":[0.9908,0.0004,-0.1351,0,-0.1262,0.3602,-0.9243,0,0.0483,0.9329,0.3569,0,0,0.1835,0,1]},
{"frame":58,"values":[0.9951,0.0003,-0.099,0,-0.0925,0.3604,-0.9282,0,0.0354,0.9328,0.3586,0,0,0.1835,0,1]},
{"frame":59,"values":[0.9979,0.0002,-0.0643,0,-0.0601,0.3606,-0.9308,0,0.023,0.9327,0.3598,0,0,0.1835,0,1]},
{"frame":60,"values":[0.9995,0.0001,-0.0313,0,-0.0292,0.3606,-0.9322,0,0.0112,0.9327,0.3605,0,0,0.1835,0,1]},
{"frame":61,"values":[1,0,0,0,0,0.3607,-0.9327,0,0,0.9327,0.3607,0,0,0.1835,0,1]},
{"frame":62,"values":[0.9995,-0.0001,0.0317,0,0.0296,0.3607,-0.9322,0,-0.0113,0.9327,0.3605,0,0,0.1835,0,1]},
{"frame":63,"values":[0.9978,-0.0001,0.0657,0,0.0613,0.3607,-0.9307,0,-0.0236,0.9327,0.3599,0,0,0.1835,0,1]},
{"frame":64,"values":[0.9948,-0.0002,0.1021,0,0.0953,0.3607,-0.9278,0,-0.0366,0.9327,0.3588,0,0,0.1835,0,1]},
{"frame":65,"values":[0.9901,-0.0002,0.1406,0,0.1312,0.3607,-0.9234,0,-0.0505,0.9327,0.3571,0,0,0.1835,0,1]},
{"frame":66,"values":[0.9835,-0.0003,0.1809,0,0.1689,0.3607,-0.9173,0,-0.065,0.9327,0.3548,0,0,0.1835,0,1]},
{"frame":67,"values":[0.9748,-0.0003,0.2229,0,0.208,0.3606,-0.9092,0,-0.0801,0.9327,0.3516,0,0,0.1835,0,1]},
{"frame":68,"values":[0.964,-0.0003,0.266,0,0.2482,0.3606,-0.8991,0,-0.0956,0.9327,0.3477,0,0,0.1835,0,1]},
{"frame":69,"values":[0.9509,-0.0003,0.3096,0,0.2889,0.3606,-0.8868,0,-0.1114,0.9327,0.343,0,0,0.1835,0,1]},
{"frame":70,"values":[0.9355,-0.0003,0.3534,0,0.3297,0.3606,-0.8725,0,-0.1271,0.9327,0.3375,0,0,0.1835,0,1]},
{"frame":71,"values":[0.918,-0.0003,0.3965,0,0.3699,0.3606,-0.8562,0,-0.1427,0.9327,0.3312,0,0,0.1835,0,1]},
{"frame":72,"values":[0.8988,-0.0003,0.4383,0,0.4089,0.3606,-0.8383,0,-0.1578,0.9327,0.3243,0,0,0.1835,0,1]},
{"frame":73,"values":[0.8782,-0.0003,0.4782,0,0.4461,0.3606,-0.8191,0,-0.1722,0.9327,0.3168,0,0,0.1835,0,1]},
{"frame":74,"values":[0.8568,-0.0002,0.5157,0,0.4811,0.3606,-0.7991,0,-0.1858,0.9327,0.3091,0,0,0.1835,0,1]},
{"frame":75,"values":[0.835,-0.0002,0.5502,0,0.5133,0.3606,-0.7788,0,-0.1983,0.9327,0.3012,0,0,0.1835,0,1]},
{"frame":76,"values":[0.8135,-0.0002,0.5815,0,0.5424,0.3606,-0.7588,0,-0.2096,0.9327,0.2935,0,0,0.1835,0,1]},
{"frame":77,"values":[0.793,-0.0001,0.6092,0,0.5683,0.3606,-0.7396,0,-0.2196,0.9327,0.2861,0,0,0.1835,0,1]},
{"frame":78,"values":[0.7738,-0.0001,0.6334,0,0.5908,0.3606,-0.7217,0,-0.2283,0.9327,0.2791,0,0,0.1835,0,1]},
{"frame":79,"values":[0.7566,-0.0001,0.6539,0,0.6099,0.3607,-0.7056,0,-0.2358,0.9327,0.2729,0,0,0.1835,0,1]},
{"frame":80,"values":[0.7416,-0.0001,0.6709,0,0.6257,0.3607,-0.6917,0,-0.2419,0.9327,0.2675,0,0,0.1835,0,1]},
{"frame":81,"values":[0.7291,0,0.6844,0,0.6384,0.3607,-0.68,0,-0.2468,0.9327,0.263,0,0,0.1835,0,1]},
{"frame":82,"values":[0.7193,0,0.6947,0,0.6479,0.3607,-0.6709,0,-0.2505,0.9327,0.2595,0,0,0.1835,0,1]},
{"frame":83,"values":[0.7124,0,0.7018,0,0.6546,0.3607,-0.6644,0,-0.2531,0.9327,0.2569,0,0,0.1835,0,1]},
{"frame":84,"values":[0.7082,0,0.706,0,0.6585,0.3607,-0.6605,0,-0.2546,0.9327,0.2554,0,0,0.1835,0,1]},
{"frame":85,"values":[0.7068,0,0.7074,0,0.6598,0.3607,-0.6593,0,-0.2551,0.9327,0.2549,0,0,0.1835,0,1]},
{"frame":86,"values":[0.7088,0,0.7055,0,0.658,0.3606,-0.6611,0,-0.2544,0.9327,0.2556,0,0,0.1835,0,1]},
{"frame":87,"values":[0.7145,0.0001,0.6997,0,0.6526,0.3605,-0.6664,0,-0.2523,0.9327,0.2576,0,0,0.1835,0,1]},
{"frame":88,"values":[0.724,0.0001,0.6898,0,0.6434,0.3604,-0.6754,0,-0.2487,0.9328,0.2608,0,0,0.1835,0,1]},
{"frame":89,"values":[0.7371,0.0002,0.6758,0,0.6304,0.3601,-0.6877,0,-0.2435,0.9329,0.2653,0,0,0.1835,0,1]},
{"frame":90,"values":[0.7536,0.0003,0.6573,0,0.6132,0.3598,-0.7032,0,-0.2368,0.933,0.2709,0,0,0.1835,0,1]},
{"frame":91,"values":[0.773,0.0005,0.6344,0,0.5918,0.3594,-0.7215,0,-0.2284,0.9332,0.2776,0,0,0.1835,0,1]},
{"frame":92,"values":[0.7949,0.0006,0.6068,0,0.5662,0.359,-0.742,0,-0.2183,0.9333,0.285,0,0,0.1835,0,1]},
{"frame":93,"values":[0.8184,0.0008,0.5746,0,0.5362,0.3585,-0.7642,0,-0.2066,0.9335,0.293,0,0,0.1835,0,1]},
{"frame":94,"values":[0.8429,0.0009,0.538,0,0.5021,0.3579,-0.7873,0,-0.1932,0.9338,0.3012,0,0,0.1835,0,1]},
{"frame":95,"values":[0.8675,0.001,0.4975,0,0.4643,0.3572,-0.8104,0,-0.1785,0.934,0.3094,0,0,0.1835,0,1]},
{"frame":96,"values":[0.8913,0.0011,0.4534,0,0.4233,0.3566,-0.8329,0,-0.1626,0.9343,0.3174,0,0,0.1835,0,1]},
{"frame":97,"values":[0.9135,0.0011,0.4068,0,0.3798,0.3559,-0.8539,0,-0.1457,0.9345,0.3247,0,0,0.1835,0,1]},
{"frame":98,"values":[0.9335,0.0011,0.3586,0,0.3349,0.3552,-0.8728,0,-0.1283,0.9348,0.3312,0,0,0.1835,0,1]},
{"frame":99,"values":[0.9508,0.0011,0.31,0,0.2895,0.3545,-0.8891,0,-0.1108,0.9351,0.3367,0,0,0.1835,0,1]},
{"frame":100,"values":[0.9651,0.001,0.262,0,0.2447,0.3538,-0.9027,0,-0.0936,0.9353,0.3412,0,0,0.1835,0,1]},
{"frame":101,"values":[0.9764,0.0009,0.2159,0,0.2017,0.3532,-0.9136,0,-0.0771,0.9356,0.3447,0,0,0.1835,0,1]},
{"frame":102,"values":[0.985,0.0008,0.1728,0,0.1614,0.3526,-0.9218,0,-0.0616,0.9358,0.3472,0,0,0.1835,0,1]},
{"frame":103,"values":[0.9911,0.0006,0.1334,0,0.1246,0.3521,-0.9276,0,-0.0475,0.936,0.3488,0,0,0.1835,0,1]},
{"frame":104,"values":[0.9951,0.0005,0.0984,0,0.092,0.3516,-0.9316,0,-0.0351,0.9361,0.3499,0,0,0.1835,0,1]},
{"frame":105,"values":[0.9977,0.0003,0.0684,0,0.064,0.3512,-0.9341,0,-0.0244,0.9363,0.3504,0,0,0.1835,0,1]},
{"frame":106,"values":[0.999,0.0002,0.0438,0,0.0409,0.3509,-0.9355,0,-0.0156,0.9364,0.3506,0,0,0.1835,0,1]},
{"frame":107,"values":[0.9997,0.0001,0.0245,0,0.0229,0.3507,-0.9362,0,-0.0087,0.9365,0.3505,0,0,0.1835,0,1]},
{"frame":108,"values":[0.9999,0.0001,0.0109,0,0.0101,0.3505,-0.9365,0,-0.0039,0.9366,0.3505,0,0,0.1835,0,1]},
{"frame":109,"values":[1,0,0.0027,0,0.0025,0.3504,-0.9366,0,-0.001,0.9366,0.3504,0,0,0.1835,0,1]},
{"frame":110,"values":[1,0,0,0,0,0.3503,-0.9366,0,0,0.9366,0.3503,0,0,0.1835,0,1]}],"loopBehavior":1,"name":"anim","property":"_matrix"}},
{"name":"LowerArm.L","index":14,"matrix":[1,0,0,0,0,1,0,0,0,0,1,0,0,0.2946,0,1],"rest":[1,0,0,0,0,1,0,0,0,0,1,0,0,0.2946,0,1],"parentBoneIndex":13,"length":0.2788
,"animation":{"dataType":3,"framePerSecond":24,"keys":[
{"frame":0,"values":[1,0,0,0,0,1,0,0,0,0,1,0,0,0.2946,0,1]},
{"frame":1,"values":[1,0,0,0,0,1,0,0,0,0,1,0,0,0.2946,0,1]},
{"frame":10,"values":[1,0,0,0,0,1,0,0,0,0,1,0,0,0.2946,0,1]},
{"frame":110,"values":[1,0,0,0,0,1,0,0,0,0,1,0,0,0.2946,0,1]}],"loopBehavior":1,"name":"anim","property":"_matrix"}},
{"name":"Hand.L","index":15,"matrix":[1,0,0,0,0,1,0,0,0,0,1,0,0,0.2788,0,1],"rest":[1,0,0,0,0,1,0,0,0,0,1,0,0,0.2788,0,1],"parentBoneIndex":14,"length":0.1078
,"animation":{"dataType":3,"framePerSecond":24,"keys":[
{"frame":0,"values":[1,0,0,0,0,1,0,0,0,0,1,0,0,0.2788,0,1]},
{"frame":1,"values":[1,0,0,0,0,1,0,0,0,0,1,0,0,0.2788,0,1]},
{"frame":10,"values":[1,0,0,0,0,1,0,0,0,0,1,0,0,0.2788,0,1]},
{"frame":110,"values":[1,0,0,0,0,1,0,0,0,0,1,0,0,0.2788,0,1]}],"loopBehavior":1,"name":"anim","property":"_matrix"}},
{"name":"ShoulderConnector.R","index":16,"matrix":[0.7139,-0.5299,0.4578,0,-0.596,-0.803,0,0,0.3676,-0.2729,-0.8891,0,0,0.2771,0,1],"rest":[0.7139,-0.5299,0.4578,0,-0.596,-0.803,0,0,0.3676,-0.2729,-0.8891,0,0,0.2771,0,1],"parentBoneIndex":8,"length":0.1374
,"animation":{"dataType":3,"framePerSecond":24,"keys":[
{"frame":0,"values":[0.7139,-0.5299,0.4578,0,-0.596,-0.803,0,0,0.3676,-0.2729,-0.8891,0,0,0.2771,0,1]},
{"frame":1,"values":[0.7139,-0.5299,0.4578,0,-0.596,-0.803,0,0,0.3676,-0.2729,-0.8891,0,0,0.2771,0,1]},
{"frame":10,"values":[0.7139,-0.5299,0.4578,0,-0.596,-0.803,0,0,0.3676,-0.2729,-0.8891,0,0,0.2771,0,1]},
{"frame":110,"values":[0.7139,-0.5299,0.4578,0,-0.596,-0.803,0,0,0.3676,-0.2729,-0.8891,0,0,0.2771,0,1]}],"loopBehavior":1,"name":"anim","property":"_matrix"}},
{"name":"Shoulder.R","index":17,"matrix":[-0.4578,0,0.8891,0,-0.7139,0.596,-0.3676,0,-0.5299,-0.803,-0.2729,0,0,0.1374,0,1],"rest":[-0.4578,0,0.8891,0,-0.7139,0.596,-0.3676,0,-0.5299,-0.803,-0.2729,0,0,0.1374,0,1],"parentBoneIndex":16,"length":0.1835
,"animation":{"dataType":3,"framePerSecond":24,"keys":[
{"frame":0,"values":[-0.4578,0,0.8891,0,-0.7139,0.596,-0.3676,0,-0.5299,-0.803,-0.2729,0,0,0.1374,0,1]},
{"frame":1,"values":[-0.4578,0,0.8891,0,-0.7139,0.596,-0.3676,0,-0.5299,-0.803,-0.2729,0,0,0.1374,0,1]},
{"frame":10,"values":[-0.4578,0,0.8891,0,-0.7139,0.596,-0.3676,0,-0.5299,-0.803,-0.2729,0,0,0.1374,0,1]},
{"frame":110,"values":[-0.4578,0,0.8891,0,-0.7139,0.596,-0.3676,0,-0.5299,-0.803,-0.2729,0,0,0.1374,0,1]}],"loopBehavior":1,"name":"anim","property":"_matrix"}},
{"name":"UpperArm.R","index":18,"matrix":[1,0,0,0,0,0.3607,-0.9327,0,0,0.9327,0.3607,0,0,0.1835,0,1],"rest":[1,0,0,0,0,1,0,0,0,0,1,0,0,0.1835,0,1],"parentBoneIndex":17,"length":0.2946
,"animation":{"dataType":3,"framePerSecond":24,"keys":[
{"frame":0,"values":[1,0,0,0,0,0.3607,-0.9327,0,0,0.9327,0.3607,0,0,0.1835,0,1]},
{"frame":1,"values":[1,0,0,0,0,0.3607,-0.9327,0,0,0.9327,0.3607,0,0,0.1835,0,1]},
{"frame":10,"values":[1,0,0,0,0,0.3607,-0.9327,0,0,0.9327,0.3607,0,0,0.1835,0,1]},
{"frame":12,"values":[1,0,-0.0029,0,-0.0027,0.3607,-0.9327,0,0.0011,0.9327,0.3607,0,0,0.1835,0,1]},
{"frame":13,"values":[0.9999,0,-0.0118,0,-0.011,0.3607,-0.9326,0,0.0043,0.9327,0.3607,0,0,0.1835,0,1]},
{"frame":14,"values":[0.9996,0,-0.0266,0,-0.0248,0.3607,-0.9324,0,0.0096,0.9327,0.3606,0,0,0.1835,0,1]},
{"frame":15,"values":[0.9989,0,-0.0475,0,-0.0443,0.3607,-0.9316,0,0.0171,0.9327,0.3603,0,0,0.1835,0,1]},
{"frame":16,"values":[0.9972,0,-0.0743,0,-0.0693,0.3607,-0.9301,0,0.0268,0.9327,0.3597,0,0,0.1835,0,1]},
{"frame":17,"values":[0.9943,0,-0.1067,0,-0.0995,0.3607,-0.9274,0,0.0385,0.9327,0.3586,0,0,0.1835,0,1]},
{"frame":18,"values":[0.9895,0,-0.1444,0,-0.1347,0.3607,-0.9229,0,0.0521,0.9327,0.3569,0,0,0.1835,0,1]},
{"frame":19,"values":[0.9824,0,-0.1868,0,-0.1742,0.3607,-0.9163,0,0.0674,0.9327,0.3543,0,0,0.1835,0,1]},
{"frame":20,"values":[0.9725,0,-0.2329,0,-0.2172,0.3607,-0.907,0,0.084,0.9327,0.3508,0,0,0.1835,0,1]},
{"frame":21,"values":[0.9595,0,-0.2818,0,-0.2629,0.3607,-0.8949,0,0.1016,0.9327,0.3461,0,0,0.1835,0,1]},
{"frame":22,"values":[0.9432,0,-0.3322,0,-0.3099,0.3607,-0.8797,0,0.1198,0.9327,0.3402,0,0,0.1835,0,1]},
