{"producer":{"name":"Blender","version":"2.81 (sub 16)","exporter_version":"6.2.4","file":"CuteCharacter.babylon"},
"autoClear":true,"clearColor":[0.0509,0.0509,0.0509],"gravity":[0,-9.81,0],
"materials":[{"name":"CuteMaterial","id":"CuteMaterial","customType":"BABYLON.PBRMaterial","backFaceCulling":true,"checkReadyOnlyOnce":false,"maxSimultaneousLights":4,"environmentIntensity":1,"albedo":[1,1,1],"reflectivity":[0.2385,0.2385,0.2385],"metallic":0}],
"multiMaterials":[],
"skeletons":[{"name":"Armature","id":0,"dimensionsAtRest":[1.8933,2.0875,0.1422],"bones":[
{"name":"Hips","index":0,"matrix":[1,0,0,0,0,1,0,0,0,0,-1,0,0,0.4993,-0.0302,1],"rest":[1,0,0,0,0,1,0,0,0,0,-1,0,0,0.4993,-0.0302,1],"parentBoneIndex":-1,"length":0.1675
,"animation":{"dataType":3,"framePerSecond":24,"keys":[
{"frame":0,"values":[1,0,0,0,0,1,0,0,0,0,-1,0,0,0.4993,-0.0302,1]},
{"frame":1,"values":[1,0,0,0,0,1,0,0,0,0,-1,0,0,0.4993,-0.0302,1]},
{"frame":10,"values":[1,0,0,0,0,1,0,0,0,0,-1,0,0,0.4993,-0.0302,1]},
{"frame":110,"values":[1,0,0,0,0,1,0,0,0,0,-1,0,0,0.4993,-0.0302,1]}],"loopBehavior":1,"name":"anim","property":"_matrix"}},
{"name":"UpperLeg.L","index":1,"matrix":[1,0,0,0,0,-0.9221,-0.3869,0,0,0.3869,-0.9221,0,0.2342,0,0,1],"rest":[1,0,0,0,0,-1,0,0,0,0,-1,0,0.2342,0,0,1],"parentBoneIndex":0,"length":0.2449
,"animation":{"dataType":3,"framePerSecond":24,"keys":[
{"frame":0,"values":[1,0,0,0,0,-0.9221,-0.3869,0,0,0.3869,-0.9221,0,0.2342,0,0,1]},
{"frame":1,"values":[1,0,0,0,0,-0.9221,-0.3869,0,0,0.3869,-0.9221,0,0.2342,0,0,1]},
{"frame":10,"values":[1,0,0,0,0,-1,0,0,0,0,-1,0,0.2342,0,0,1]},
{"frame":12,"values":[1,0,0,0,0,-0.9995,0.033,0,0,-0.033,-0.9995,0,0.2342,0,0,1]},
{"frame":13,"values":[1,0,0,0,0,-0.9978,0.0661,0,0,-0.0661,-0.9978,0,0.2342,0,0,1]},
{"frame":14,"values":[1,0,0,0,0,-0.995,0.0994,0,0,-0.0994,-0.995,0,0.2342,0,0,1]},
{"frame":15,"values":[1,0,0,0,0,-0.9912,0.1327,0,0,-0.1327,-0.9912,0,0.2342,0,0,1]},
{"frame":16,"values":[1,0,0,0,0,-0.9861,0.1661,0,0,-0.1661,-0.9861,0,0.2342,0,0,1]},
{"frame":17,"values":[1,0,0,0,0,-0.9799,0.1993,0,0,-0.1993,-0.9799,0,0.2342,0,0,1]},
{"frame":18,"values":[1,0,0,0,0,-0.9726,0.2325,0,0,-0.2325,-0.9726,0,0.2342,0,0,1]},
{"frame":19,"values":[1,0,0,0,0,-0.9641,0.2655,0,0,-0.2655,-0.9641,0,0.2342,0,0,1]},
{"frame":20,"values":[1,0,0,0,0,-0.9545,0.2982,0,0,-0.2982,-0.9545,0,0.2342,0,0,1]},
{"frame":21,"values":[1,0,0,0,0,-0.9437,0.3307,0,0,-0.3307,-0.9437,0,0.2342,0,0,1]},
{"frame":22,"values":[1,0,0,0,0,-0.9319,0.3628,0,0,-0.3628,-0.9319,0,0.2342,0,0,1]},
{"frame":23,"values":[1,0,0,0,0,-0.9189,0.3945,0,0,-0.3945,-0.9189,0,0.2342,0,0,1]},
{"frame":24,"values":[1,0,0,0,0,-0.9048,0.4258,0,0,-0.4258,-0.9048,0,0.2342,0,0,1]},
{"frame":25,"values":[1,0,0,0,0,-0.8897,0.4565,0,0,-0.4565,-0.8897,0,0.2342,0,0,1]},
{"frame":26,"values":[1,0,0,0,0,-0.8736,0.4867,0,0,-0.4867,-0.8736,0,0.2342,0,0,1]},
{"frame":27,"values":[1,0,0,0,0,-0.8565,0.5162,0,0,-0.5162,-0.8565,0,0.2342,0,0,1]},
{"frame":28,"values":[1,0,0,0,0,-0.8384,0.5451,0,0,-0.5451,-0.8384,0,0.2342,0,0,1]},
{"frame":29,"values":[1,0,0,0,0,-0.8194,0.5732,0,0,-0.5732,-0.8194,0,0.2342,0,0,1]},
{"frame":30,"values":[1,0,0,0,0,-0.7995,0.6006,0,0,-0.6006,-0.7995,0,0.2342,0,0,1]},
{"frame":31,"values":[1,0,0,0,0,-0.7788,0.6272,0,0,-0.6272,-0.7788,0,0.2342,0,0,1]},
{"frame":32,"values":[1,0,0,0,0,-0.7573,0.653,0,0,-0.653,-0.7573,0,0.2342,0,0,1]},
{"frame":33,"values":[1,0,0,0,0,-0.7351,0.6779,0,0,-0.6779,-0.7351,0,0.2342,0,0,1]},
{"frame":34,"values":[1,0,0,0,0,-0.7122,0.7019,0,0,-0.7019,-0.7122,0,0.2342,0,0,1]},
{"frame":35,"values":[1,0,0,0,0,-0.6887,0.7251,0,0,-0.7251,-0.6887,0,0.2342,0,0,1]},
{"frame":36,"values":[1,0,0,0,0,-0.6895,0.7243,0,0,-0.7243,-0.6895,0,0.2342,0,0,1]},
{"frame":37,"values":[1,0,0,0,0,-0.6922,0.7217,0,0,-0.7217,-0.6922,0,0.2342,0,0,1]},
{"frame":38,"values":[1,0,0,0,0,-0.6968,0.7172,0,0,-0.7172,-0.6968,0,0.2342,0,0,1]},
{"frame":39,"values":[1,0,0,0,0,-0.7033,0.7109,0,0,-0.7109,-0.7033,0,0.2342,0,0,1]},
{"frame":40,"values":[1,0,0,0,0,-0.7116,0.7026,0,0,-0.7026,-0.7116,0,0.2342,0,0,1]},
{"frame":41,"values":[1,0,0,0,0,-0.7217,0.6922,0,0,-0.6922,-0.7217,0,0.2342,0,0,1]},
{"frame":42,"values":[1,0,0,0,0,-0.7335,0.6797,0,0,-0.6797,-0.7335,0,0.2342,0,0,1]},
{"frame":43,"values":[1,0,0,0,0,-0.747,0.6648,0,0,-0.6648,-0.747,0,0.2342,0,0,1]},
{"frame":44,"values":[1,0,0,0,0,-0.7621,0.6475,0,0,-0.6475,-0.7621,0,0.2342,0,0,1]},
{"frame":45,"values":[1,0,0,0,0,-0.7785,0.6276,0,0,-0.6276,-0.7785,0,0.2342,0,0,1]},
{"frame":46,"values":[1,0,0,0,0,-0.7962,0.605,0,0,-0.605,-0.7962,0,0.2342,0,0,1]},
{"frame":47,"values":[1,0,0,0,0,-0.8149,0.5796,0,0,-0.5796,-0.8149,0,0.2342,0,0,1]},
{"frame":48,"values":[1,0,0,0,0,-0.8344,0.5512,0,0,-0.5512,-0.8344,0,0.2342,0,0,1]},
{"frame":49,"values":[1,0,0,0,0,-0.8544,0.5197,0,0,-0.5197,-0.8544,0,0.2342,0,0,1]},
{"frame":50,"values":[1,0,0,0,0,-0.8745,0.4851,0,0,-0.4851,-0.8745,0,0.2342,0,0,1]},
{"frame":51,"values":[1,0,0,0,0,-0.8944,0.4473,0,0,-0.4473,-0.8944,0,0.2342,0,0,1]},
{"frame":52,"values":[1,0,0,0,0,-0.9137,0.4065,0,0,-0.4065,-0.9137,0,0.2342,0,0,1]},
{"frame":53,"values":[1,0,0,0,0,-0.932,0.3625,0,0,-0.3625,-0.932,0,0.2342,0,0,1]},
{"frame":54,"values":[1,0,0,0,0,-0.9489,0.3157,0,0,-0.3157,-0.9489,0,0.2342,0,0,1]},
{"frame":55,"values":[1,0,0,0,0,-0.9639,0.2662,0,0,-0.2662,-0.9639,0,0.2342,0,0,1]},
{"frame":56,"values":[1,0,0,0,0,-0.9768,0.2143,0,0,-0.2143,-0.9768,0,0.2342,0,0,1]},
{"frame":57,"values":[1,0,0,0,0,-0.9871,0.1604,0,0,-0.1604,-0.9871,0,0.2342,0,0,1]},
{"frame":58,"values":[1,0,0,0,0,-0.9945,0.1049,0,0,-0.1049,-0.9945,0,0.2342,0,0,1]},
{"frame":59,"values":[1,0,0,0,0,-0.9988,0.0484,0,0,-0.0484,-0.9988,0,0.2342,0,0,1]},
{"frame":60,"values":[1,0,0,0,0,-1,-0.0086,0,0,0.0086,-1,0,0.2342,0,0,1]},
{"frame":61,"values":[1,0,0,0,0,-0.9978,-0.0656,0,0,0.0656,-0.9978,0,0.2342,0,0,1]},
{"frame":62,"values":[1,0,0,0,0,-0.9925,-0.1219,0,0,0.1219,-0.9925,0,0.2342,0,0,1]},
{"frame":63,"values":[1,0,0,0,0,-0.9842,-0.1772,0,0,0.1772,-0.9842,0,0.2342,0,0,1]},
{"frame":64,"values":[1,0,0,0,0,-0.973,-0.2309,0,0,0.2309,-0.973,0,0.2342,0,0,1]},
{"frame":65,"values":[1,0,0,0,0,-0.9593,-0.2825,0,0,0.2825,-0.9593,0,0.2342,0,0,1]},
{"frame":66,"values":[1,0,0,0,0,-0.9434,-0.3317,0,0,0.3317,-0.9434,0,0.2342,0,0,1]},
{"frame":67,"values":[1,0,0,0,0,-0.9257,-0.3782,0,0,0.3782,-0.9257,0,0.2342,0,0,1]},
{"frame":68,"values":[1,0,0,0,0,-0.9067,-0.4217,0,0,0.4217,-0.9067,0,0.2342,0,0,1]},
{"frame":69,"values":[1,0,0,0,0,-0.8868,-0.4622,0,0,0.4622,-0.8868,0,0.2342,0,0,1]},
{"frame":70,"values":[1,0,0,0,0,-0.8663,-0.4996,0,0,0.4996,-0.8663,0,0.2342,0,0,1]},
{"frame":71,"values":[1,0,0,0,0,-0.8456,-0.5338,0,0,0.5338,-0.8456,0,0.2342,0,0,1]},
{"frame":72,"values":[1,0,0,0,0,-0.8252,-0.5649,0,0,0.5649,-0.8252,0,0.2342,0,0,1]},
{"frame":73,"values":[1,0,0,0,0,-0.8052,-0.5929,0,0,0.5929,-0.8052,0,0.2342,0,0,1]},
{"frame":74,"values":[1,0,0,0,0,-0.7861,-0.618,0,0,0.618,-0.7861,0,0.2342,0,0,1]},
{"frame":75,"values":[1,0,0,0,0,-0.7681,-0.6403,0,0,0.6403,-0.7681,0,0.2342,0,0,1]},
{"frame":76,"values":[1,0,0,0,0,-0.7513,-0.6599,0,0,0.6599,-0.7513,0,0.2342,0,0,1]},
{"frame":77,"values":[1,0,0,0,0,-0.736,-0.677,0,0,0.677,-0.736,0,0.2342,0,0,1]},
{"frame":78,"values":[1,0,0,0,0,-0.7222,-0.6917,0,0,0.6917,-0.7222,0,0.2342,0,0,1]},
{"frame":79,"values":[1,0,0,0,0,-0.7101,-0.7041,0,0,0.7041,-0.7101,0,0.2342,0,0,1]},
{"frame":80,"values":[1,0,0,0,0,-0.6998,-0.7143,0,0,0.7143,-0.6998,0,0.2342,0,0,1]},
{"frame":81,"values":[1,0,0,0,0,-0.6913,-0.7226,0,0,0.7226,-0.6913,0,0.2342,0,0,1]},
{"frame":82,"values":[1,0,0,0,0,-0.6847,-0.7288,0,0,0.7288,-0.6847,0,0.2342,0,0,1]},
{"frame":83,"values":[1,0,0,0,0,-0.68,-0.7333,0,0,0.7333,-0.68,0,0.2342,0,0,1]},
{"frame":84,"values":[1,0,0,0,0,-0.6771,-0.7359,0,0,0.7359,-0.6771,0,0.2342,0,0,1]},
{"frame":85,"values":[1,0,0,0,0,-0.6762,-0.7367,0,0,0.7367,-0.6762,0,0.2342,0,0,1]},
{"frame":86,"values":[1,0,0,0,0,-0.6996,-0.7145,0,0,0.7145,-0.6996,0,0.2342,0,0,1]},
{"frame":87,"values":[1,0,0,0,0,-0.7225,-0.6914,0,0,0.6914,-0.7225,0,0.2342,0,0,1]},
{"frame":88,"values":[1,0,0,0,0,-0.7447,-0.6674,0,0,0.6674,-0.7447,0,0.2342,0,0,1]},
{"frame":89,"values":[1,0,0,0,0,-0.7662,-0.6426,0,0,0.6426,-0.7662,0,0.2342,0,0,1]},
{"frame":90,"values":[1,0,0,0,0,-0.787,-0.617,0,0,0.617,-0.787,0,0.2342,0,0,1]},
{"frame":91,"values":[1,0,0,0,0,-0.807,-0.5905,0,0,0.5905,-0.807,0,0.2342,0,0,1]},
{"frame":92,"values":[1,0,0,0,0,-0.8262,-0.5634,0,0,0.5634,-0.8262,0,0.2342,0,0,1]},
{"frame":93,"values":[1,0,0,0,0,-0.8445,-0.5355,0,0,0.5355,-0.8445,0,0.2342,0,0,1]},
{"frame":94,"values":[1,0,0,0,0,-0.862,-0.5069,0,0,0.5069,-0.862,0,0.2342,0,0,1]},
{"frame":95,"values":[1,0,0,0,0,-0.8785,-0.4778,0,0,0.4778,-0.8785,0,0.2342,0,0,1]},
{"frame":96,"values":[1,0,0,0,0,-0.894,-0.448,0,0,0.448,-0.894,0,0.2342,0,0,1]},
{"frame":97,"values":[1,0,0,0,0,-0.9086,-0.4177,0,0,0.4177,-0.9086,0,0.2342,0,0,1]},
{"frame":98,"values":[1,0,0,0,0,-0.9221,-0.3869,0,0,0.3869,-0.9221,0,0.2342,0,0,1]},
{"frame":99,"values":[1,0,0,0,0,-0.9346,-0.3557,0,0,0.3557,-0.9346,0,0.2342,0,0,1]},
{"frame":100,"values":[1,0,0,0,0,-0.946,-0.3242,0,0,0.3242,-0.946,0,0.2342,0,0,1]},
{"frame":101,"values":[1,0,0,0,0,-0.9563,-0.2923,0,0,0.2923,-0.9563,0,0.2342,0,0,1]},
{"frame":102,"values":[1,0,0,0,0,-0.9656,-0.2601,0,0,0.2601,-0.9656,0,0.2342,0,0,1]},
{"frame":103,"values":[1,0,0,0,0,-0.9737,-0.2278,0,0,0.2278,-0.9737,0,0.2342,0,0,1]},
{"frame":104,"values":[1,0,0,0,0,-0.9808,-0.1952,0,0,0.1952,-0.9808,0,0.2342,0,0,1]},
{"frame":105,"values":[1,0,0,0,0,-0.9867,-0.1626,0,0,0.1626,-0.9867,0,0.2342,0,0,1]},
{"frame":106,"values":[1,0,0,0,0,-0.9915,-0.13,0,0,0.13,-0.9915,0,0.2342,0,0,1]},
{"frame":107,"values":[1,0,0,0,0,-0.9953,-0.0973,0,0,0.0973,-0.9953,0,0.2342,0,0,1]},
{"frame":108,"values":[1,0,0,0,0,-0.9979,-0.0648,0,0,0.0648,-0.9979,0,0.2342,0,0,1]},
{"frame":109,"values":[1,0,0,0,0,-0.9995,-0.0323,0,0,0.0323,-0.9995,0,0.2342,0,0,1]},
{"frame":110,"values":[1,0,0,0,0,-1,0,0,0,0,-1,0,0.2342,0,0,1]}],"loopBehavior":1,"name":"anim","property":"_matrix"}},
{"name":"LowerLeg.L","index":2,"matrix":[1,0,0,0,0,1,0,0,0,0,1,0,0,0.2449,0,1],"rest":[1,0,0,0,0,1,0,0,0,0,1,0,0,0.2449,0,1],"parentBoneIndex":1,"length":0.2518
,"animation":{"dataType":3,"framePerSecond":24,"keys":[
{"frame":0,"values":[1,0,0,0,0,1,0,0,0,0,1,0,0,0.2449,0,1]},
{"frame":1,"values":[1,0,0,0,0,1,0,0,0,0,1,0,0,0.2449,0,1]},
{"frame":10,"values":[1,0,0,0,0,1,0,0,0,0,1,0,0,0.2449,0,1]},
{"frame":110,"values":[1,0,0,0,0,1,0,0,0,0,1,0,0,0.2449,0,1]}],"loopBehavior":1,"name":"anim","property":"_matrix"}},
{"name":"Foot.L","index":3,"matrix":[-1,0,0,0,0,0,-1,0,0,-1,0,0,0,0.2518,0,1],"rest":[-1,0,0,0,0,0,-1,0,0,-1,0,0,0,0.2518,0,1],"parentBoneIndex":2,"length":0.1422
,"animation":{"dataType":3,"framePerSecond":24,"keys":[
{"frame":0,"values":[-1,0,0,0,0,0,-1,0,0,-1,0,0,0,0.2518,0,1]},
{"frame":1,"values":[-1,0,0,0,0,0,-1,0,0,-1,0,0,0,0.2518,0,1]},
{"frame":10,"values":[-1,0,0,0,0,0,-1,0,0,-1,0,0,0,0.2518,0,1]},
{"frame":110,"values":[-1,0,0,0,0,0,-1,0,0,-1,0,0,0,0.2518,0,1]}],"loopBehavior":1,"name":"anim","property":"_matrix"}},
{"name":"UpperLeg.R","index":4,"matrix":[1,0,0,0,0,-0.9252,0.3794,0,0,-0.3794,-0.9252,0,-0.2342,0,0,1],"rest":[1,0,0,0,0,-1,0,0,0,0,-1,0,-0.2342,0,0,1],"parentBoneIndex":0,"length":0.2449
,"animation":{"dataType":3,"framePerSecond":24,"keys":[
{"frame":0,"values":[1,0,0,0,0,-0.9252,0.3794,0,0,-0.3794,-0.9252,0,-0.2342,0,0,1]},
{"frame":1,"values":[1,0,0,0,0,-0.9252,0.3794,0,0,-0.3794,-0.9252,0,-0.2342,0,0,1]},
{"frame":10,"values":[1,0,0,0,0,-1,0,0,0,0,-1,0,-0.2342,0,0,1]},
{"frame":12,"values":[1,0,0,0,0,-0.9994,-0.0336,0,0,0.0336,-0.9994,0,-0.2342,0,0,1]},
{"frame":13,"values":[1,0,0,0,0,-0.9977,-0.0675,0,0,0.0675,-0.9977,0,-0.2342,0,0,1]},
{"frame":14,"values":[1,0,0,0,0,-0.9948,-0.1014,0,0,0.1014,-0.9948,0,-0.2342,0,0,1]},
{"frame":15,"values":[1,0,0,0,0,-0.9908,-0.1354,0,0,0.1354,-0.9908,0,-0.2342,0,0,1]},
{"frame":16,"values":[1,0,0,0,0,-0.9855,-0.1694,0,0,0.1694,-0.9855,0,-0.2342,0,0,1]},
{"frame":17,"values":[1,0,0,0,0,-0.9791,-0.2034,0,0,0.2034,-0.9791,0,-0.2342,0,0,1]},
{"frame":18,"values":[1,0,0,0,0,-0.9715,-0.2372,0,0,0.2372,-0.9715,0,-0.2342,0,0,1]},
{"frame":19,"values":[1,0,0,0,0,-0.9626,-0.2709,0,0,0.2709,-0.9626,0,-0.2342,0,0,1]},
{"frame":20,"values":[1,0,0,0,0,-0.9526,-0.3043,0,0,0.3043,-0.9526,0,-0.2342,0,0,1]},
{"frame":21,"values":[1,0,0,0,0,-0.9414,-0.3374,0,0,0.3374,-0.9414,0,-0.2342,0,0,1]},
{"frame":22,"values":[1,0,0,0,0,-0.929,-0.3701,0,0,0.3701,-0.929,0,-0.2342,0,0,1]},
{"frame":23,"values":[1,0,0,0,0,-0.9155,-0.4024,0,0,0.4024,-0.9155,0,-0.2342,0,0,1]},
{"frame":24,"values":[1,0,0,0,0,-0.9008,-0.4342,0,0,0.4342,-0.9008,0,-0.2342,0,0,1]},
{"frame":25,"values":[1,0,0,0,0,-0.8851,-0.4654,0,0,0.4654,-0.8851,0,-0.2342,0,0,1]},
{"frame":26,"values":[1,0,0,0,0,-0.8683,-0.4961,0,0,0.4961,-0.8683,0,-0.2342,0,0,1]},
{"frame":27,"values":[1,0,0,0,0,-0.8505,-0.526,0,0,0.526,-0.8505,0,-0.2342,0,0,1]},
{"frame":28,"values":[1,0,0,0,0,-0.8316,-0.5553,0,0,0.5553,-0.8316,0,-0.2342,0,0,1]},
{"frame":29,"values":[1,0,0,0,0,-0.8119,-0.5838,0,0,0.5838,-0.8119,0,-0.2342,0,0,1]},
{"frame":30,"values":[1,0,0,0,0,-0.7912,-0.6115,0,0,0.6115,-0.7912,0,-0.2342,0,0,1]},
{"frame":31,"values":[1,0,0,0,0,-0.7697,-0.6384,0,0,0.6384,-0.7697,0,-0.2342,0,0,1]},
{"frame":32,"values":[1,0,0,0,0,-0.7474,-0.6644,0,0,0.6644,-0.7474,0,-0.2342,0,0,1]},
{"frame":33,"values":[1,0,0,0,0,-0.7243,-0.6894,0,0,0.6894,-0.7243,0,-0.2342,0,0,1]},
{"frame":34,"values":[1,0,0,0,0,-0.7006,-0.7136,0,0,0.7136,-0.7006,0,-0.2342,0,0,1]},
{"frame":35,"values":[1,0,0,0,0,-0.6762,-0.7367,0,0,0.7367,-0.6762,0,-0.2342,0,0,1]},
{"frame":36,"values":[1,0,0,0,0,-0.6775,-0.7355,0,0,0.7355,-0.6775,0,-0.2342,0,0,1]},
{"frame":37,"values":[1,0,0,0,0,-0.6817,-0.7317,0,0,0.7317,-0.6817,0,-0.2342,0,0,1]},
{"frame":38,"values":[1,0,0,0,0,-0.6886,-0.7252,0,0,0.7252,-0.6886,0,-0.2342,0,0,1]},
{"frame":39,"values":[1,0,0,0,0,-0.6983,-0.7158,0,0,0.7158,-0.6983,0,-0.2342,0,0,1]},
{"frame":40,"values":[1,0,0,0,0,-0.7108,-0.7034,0,0,0.7034,-0.7108,0,-0.2342,0,0,1]},
{"frame":41,"values":[1,0,0,0,0,-0.7259,-0.6878,0,0,0.6878,-0.7259,0,-0.2342,0,0,1]},
{"frame":42,"values":[1,0,0,0,0,-0.7433,-0.669,0,0,0.669,-0.7433,0,-0.2342,0,0,1]},
{"frame":43,"values":[1,0,0,0,0,-0.7628,-0.6467,0,0,0.6467,-0.7628,0,-0.2342,0,0,1]},
{"frame":44,"values":[1,0,0,0,0,-0.7839,-0.6209,0,0,0.6209,-0.7839,0,-0.2342,0,0,1]},
{"frame":45,"values":[1,0,0,0,0,-0.8061,-0.5918,0,0,0.5918,-0.8061,0,-0.2342,0,0,1]},
{"frame":46,"values":[1,0,0,0,0,-0.829,-0.5593,0,0,0.5593,-0.829,0,-0.2342,0,0,1]},
{"frame":47,"values":[1,0,0,0,0,-0.8519,-0.5237,0,0,0.5237,-0.8519,0,-0.2342,0,0,1]},
{"frame":48,"values":[1,0,0,0,0,-0.8743,-0.4854,0,0,0.4854,-0.8743,0,-0.2342,0,0,1]},
{"frame":49,"values":[1,0,0,0,0,-0.8956,-0.4449,0,0,0.4449,-0.8956,0,-0.2342,0,0,1]},
{"frame":50,"values":[1,0,0,0,0,-0.9154,-0.4026,0,0,0.4026,-0.9154,0,-0.2342,0,0,1]},
{"frame":51,"values":[1,0,0,0,0,-0.9333,-0.3592,0,0,0.3592,-0.9333,0,-0.2342,0,0,1]},
{"frame":52,"values":[1,0,0,0,0,-0.949,-0.3152,0,0,0.3152,-0.949,0,-0.2342,0,0,1]},
{"frame":53,"values":[1,0,0,0,0,-0.9625,-0.2713,0,0,0.2713,-0.9625,0,-0.2342,0,0,1]},
{"frame":54,"values":[1,0,0,0,0,-0.9737,-0.2279,0,0,0.2279,-0.9737,0,-0.2342,0,0,1]},
{"frame":55,"values":[1,0,0,0,0,-0.9826,-0.1856,0,0,0.1856,-0.9826,0,-0.2342,0,0,1]},
{"frame":56,"values":[1,0,0,0,0,-0.9895,-0.1447,0,0,0.1447,-0.9895,0,-0.2342,0,0,1]},
{"frame":57,"values":[1,0,0,0,0,-0.9944,-0.1054,0,0,0.1054,-0.9944,0,-0.2342,0,0,1]},
{"frame":58,"values":[1,0,0,0,0,-0.9977,-0.0682,0,0,0.0682,-0.9977,0,-0.2342,0,0,1]},
{"frame":59,"values":[1,0,0,0,0,-0.9995,-0.033,0,0,0.033,-0.9995,0,-0.2342,0,0,1]},
{"frame":60,"values":[1,0,0,0,0,-1,0,0,0,0,-1,0,-0.2342,0,0,1]},
{"frame":61,"values":[1,0,0,0,0,-0.9995,0.0329,0,0,-0.0329,-0.9995,0,-0.2342,0,0,1]},
{"frame":62,"values":[1,0,0,0,0,-0.9977,0.0679,0,0,-0.0679,-0.9977,0,-0.2342,0,0,1]},
{"frame":63,"values":[1,0,0,0,0,-0.9945,0.1049,0,0,-0.1049,-0.9945,0,-0.2342,0,0,1]},
{"frame":64,"values":[1,0,0,0,0,-0.9896,0.1437,0,0,-0.1437,-0.9896,0,-0.2342,0,0,1]},
{"frame":65,"values":[1,0,0,0,0,-0.9829,0.1842,0,0,-0.1842,-0.9829,0,-0.2342,0,0,1]},
{"frame":66,"values":[1,0,0,0,0,-0.9742,0.2259,0,0,-0.2259,-0.9742,0,-0.2342,0,0,1]},
{"frame":67,"values":[1,0,0,0,0,-0.9633,0.2686,0,0,-0.2686,-0.9633,0,-0.2342,0,0,1]},
{"frame":68,"values":[1,0,0,0,0,-0.9502,0.3117,0,0,-0.3117,-0.9502,0,-0.2342,0,0,1]},
{"frame":69,"values":[1,0,0,0,0,-0.9349,0.3548,0,0,-0.3548,-0.9349,0,-0.2342,0,0,1]},
{"frame":70,"values":[1,0,0,0,0,-0.9177,0.3974,0,0,-0.3974,-0.9177,0,-0.2342,0,0,1]},
{"frame":71,"values":[1,0,0,0,0,-0.8986,0.4388,0,0,-0.4388,-0.8986,0,-0.2342,0,0,1]},
{"frame":72,"values":[1,0,0,0,0,-0.8781,0.4785,0,0,-0.4785,-0.8781,0,-0.2342,0,0,1]},
{"frame":73,"values":[1,0,0,0,0,-0.8566,0.5159,0,0,-0.5159,-0.8566,0,-0.2342,0,0,1]},
{"frame":74,"values":[1,0,0,0,0,-0.8347,0.5508,0,0,-0.5508,-0.8347,0,-0.2342,0,0,1]},
{"frame":75,"values":[1,0,0,0,0,-0.8128,0.5826,0,0,-0.5826,-0.8128,0,-0.2342,0,0,1]},
{"frame":76,"values":[1,0,0,0,0,-0.7915,0.6112,0,0,-0.6112,-0.7915,0,-0.2342,0,0,1]},
{"frame":77,"values":[1,0,0,0,0,-0.7713,0.6365,0,0,-0.6365,-0.7713,0,-0.2342,0,0,1]},
{"frame":78,"values":[1,0,0,0,0,-0.7527,0.6583,0,0,-0.6583,-0.7527,0,-0.2342,0,0,1]},
{"frame":79,"values":[1,0,0,0,0,-0.7361,0.6769,0,0,-0.6769,-0.7361,0,-0.2342,0,0,1]},
{"frame":80,"values":[1,0,0,0,0,-0.7217,0.6922,0,0,-0.6922,-0.7217,0,-0.2342,0,0,1]},
{"frame":81,"values":[1,0,0,0,0,-0.7098,0.7044,0,0,-0.7044,-0.7098,0,-0.2342,0,0,1]},
{"frame":82,"values":[1,0,0,0,0,-0.7005,0.7136,0,0,-0.7136,-0.7005,0,-0.2342,0,0,1]},
{"frame":83,"values":[1,0,0,0,0,-0.6939,0.7201,0,0,-0.7201,-0.6939,0,-0.2342,0,0,1]},
{"frame":84,"values":[1,0,0,0,0,-0.69,0.7238,0,0,-0.7238,-0.69,0,-0.2342,0,0,1]},
{"frame":85,"values":[1,0,0,0,0,-0.6887,0.7251,0,0,-0.7251,-0.6887,0,-0.2342,0,0,1]},
{"frame":86,"values":[1,0,0,0,0,-0.7113,0.7029,0,0,-0.7029,-0.7113,0,-0.2342,0,0,1]},
{"frame":87,"values":[1,0,0,0,0,-0.7333,0.6799,0,0,-0.6799,-0.7333,0,-0.2342,0,0,1]},
{"frame":88,"values":[1,0,0,0,0,-0.7547,0.656,0,0,-0.656,-0.7547,0,-0.2342,0,0,1]},
{"frame":89,"values":[1,0,0,0,0,-0.7754,0.6314,0,0,-0.6314,-0.7754,0,-0.2342,0,0,1]},
{"frame":90,"values":[1,0,0,0,0,-0.7955,0.606,0,0,-0.606,-0.7955,0,-0.2342,0,0,1]},
{"frame":91,"values":[1,0,0,0,0,-0.8147,0.5799,0,0,-0.5799,-0.8147,0,-0.2342,0,0,1]},
{"frame":92,"values":[1,0,0,0,0,-0.8332,0.553,0,0,-0.553,-0.8332,0,-0.2342,0,0,1]},
{"frame":93,"values":[1,0,0,0,0,-0.8508,0.5255,0,0,-0.5255,-0.8508,0,-0.2342,0,0,1]},
{"frame":94,"values":[1,0,0,0,0,-0.8675,0.4974,0,0,-0.4974,-0.8675,0,-0.2342,0,0,1]},
{"frame":95,"values":[1,0,0,0,0,-0.8834,0.4686,0,0,-0.4686,-0.8834,0,-0.2342,0,0,1]},
{"frame":96,"values":[1,0,0,0,0,-0.8983,0.4394,0,0,-0.4394,-0.8983,0,-0.2342,0,0,1]},
{"frame":97,"values":[1,0,0,0,0,-0.9123,0.4096,0,0,-0.4096,-0.9123,0,-0.2342,0,0,1]},
{"frame":98,"values":[1,0,0,0,0,-0.9252,0.3794,0,0,-0.3794,-0.9252,0,-0.2342,0,0,1]},
{"frame":99,"values":[1,0,0,0,0,-0.9372,0.3487,0,0,-0.3487,-0.9372,0,-0.2342,0,0,1]},
{"frame":100,"values":[1,0,0,0,0,-0.9482,0.3178,0,0,-0.3178,-0.9482,0,-0.2342,0,0,1]},
{"frame":101,"values":[1,0,0,0,0,-0.9581,0.2865,0,0,-0.2865,-0.9581,0,-0.2342,0,0,1]},
{"frame":102,"values":[1,0,0,0,0,-0.967,0.2549,0,0,-0.2549,-0.967,0,-0.2342,0,0,1]},
{"frame":103,"values":[1,0,0,0,0,-0.9748,0.2232,0,0,-0.2232,-0.9748,0,-0.2342,0,0,1]},
{"frame":104,"values":[1,0,0,0,0,-0.9815,0.1914,0,0,-0.1914,-0.9815,0,-0.2342,0,0,1]},
{"frame":105,"values":[1,0,0,0,0,-0.9872,0.1594,0,0,-0.1594,-0.9872,0,-0.2342,0,0,1]},
{"frame":106,"values":[1,0,0,0,0,-0.9919,0.1274,0,0,-0.1274,-0.9919,0,-0.2342,0,0,1]},
{"frame":107,"values":[1,0,0,0,0,-0.9954,0.0954,0,0,-0.0954,-0.9954,0,-0.2342,0,0,1]},
{"frame":108,"values":[1,0,0,0,0,-0.998,0.0635,0,0,-0.0635,-0.998,0,-0.2342,0,0,1]},
{"frame":109,"values":[1,0,0,0,0,-0.9995,0.0317,0,0,-0.0317,-0.9995,0,-0.2342,0,0,1]},
{"frame":110,"values":[1,0,0,0,0,-1,0,0,0,0,-1,0,-0.2342,0,0,1]}],"loopBehavior":1,"name":"anim","property":"_matrix"}},
{"name":"LowerLeg.R","index":5,"matrix":[1,0,0,0,0,1,0,0,0,0,1,0,0,0.2449,0,1],"rest":[1,0,0,0,0,1,0,0,0,0,1,0,0,0.2449,0,1],"parentBoneIndex":4,"length":0.2518
,"animation":{"dataType":3,"framePerSecond":24,"keys":[
{"frame":0,"values":[1,0,0,0,0,1,0,0,0,0,1,0,0,0.2449,0,1]},
{"frame":1,"values":[1,0,0,0,0,1,0,0,0,0,1,0,0,0.2449,0,1]},
{"frame":10,"values":[1,0,0,0,0,1,0,0,0,0,1,0,0,0.2449,0,1]},
{"frame":110,"values":[1,0,0,0,0,1,0,0,0,0,1,0,0,0.2449,0,1]}],"loopBehavior":1,"name":"anim","property":"_matrix"}},
{"name":"Foot.R","index":6,"matrix":[-1,0,0,0,0,0,-1,0,0,-1,0,0,0,0.2518,0,1],"rest":[-1,0,0,0,0,0,-1,0,0,-1,0,0,0,0.2518,0,1],"parentBoneIndex":5,"length":0.1422
,"animation":{"dataType":3,"framePerSecond":24,"keys":[
{"frame":0,"values":[-1,0,0,0,0,0,-1,0,0,-1,0,0,0,0.2518,0,1]},
{"frame":1,"values":[-1,0,0,0,0,0,-1,0,0,-1,0,0,0,0.2518,0,1]},
{"frame":10,"values":[-1,0,0,0,0,0,-1,0,0,-1,0,0,0,0.2518,0,1]},
{"frame":110,"values":[-1,0,0,0,0,0,-1,0,0,-1,0,0,0,0.2518,0,1]}],"loopBehavior":1,"name":"anim","property":"_matrix"}},
{"name":"LowerSpine","index":7,"matrix":[1,0,0,0,0,1,0,0,0,0,1,0,0,0.1675,0,1],"rest":[1,0,0,0,0,1,0,0,0,0,1,0,0,0.1675,0,1],"parentBoneIndex":0,"length":0.1675
,"animation":{"dataType":3,"framePerSecond":24,"keys":[
{"frame":0,"values":[1,0,0,0,0,1,0,0,0,0,1,0,0,0.1675,0,1]},
{"frame":1,"values":[1,0,0,0,0,1,0,0,0,0,1,0,0,0.1675,0,1]},
{"frame":10,"values":[1,0,0,0,0,1,0,0,0,0,1,0,0,0.1675,0,1]},
{"frame":110,"values":[1,0,0,0,0,1,0,0,0,0,1,0,0,0.1675,0,1]}],"loopBehavior":1,"name":"anim","property":"_matrix"}},
{"name":"Chest","index":8,"matrix":[1,0,0,0,0,1,0,0,0,0,1,0,0,0.1675,0,1],"rest":[1,0,0,0,0,1,0,0,0,0,1,0,0,0.1675,0,1],"parentBoneIndex":7,"length":0.2771
,"animation":{"dataType":3,"framePerSecond":24,"keys":[
{"frame":0,"values":[1,0,0,0,0,1,0,0,0,0,1,0,0,0.1675,0,1]},
{"frame":1,"values":[1,0,0,0,0,1,0,0,0,0,1,0,0,0.1675,0,1]},
{"frame":10,"values":[1,0,0,0,0,1,0,0,0,0,1,0,0,0.1675,0,1]},
{"frame":110,"values":[1,0,0,0,0,1,0,0,0,0,1,0,0,0.1675,0,1]}],"loopBehavior":1,"name":"anim","property":"_matrix"}},
{"name":"Neck","index":9,"matrix":[1,0,0,0,0,1,0,0,0,0,1,0,0,0.2771,0,1],"rest":[1,0,0,0,0,1,0,0,0,0,1,0,0,0.2771,0,1],"parentBoneIndex":8,"length":0.043
,"animation":{"dataType":3,"framePerSecond":24,"keys":[
{"frame":0,"values":[1,0,0,0,0,1,0,0,0,0,1,0,0,0.2771,0,1]},
{"frame":1,"values":[1,0,0,0,0,1,0,0,0,0,1,0,0,0.2771,0,1]},
{"frame":10,"values":[1,0,0,0,0,1,0,0,0,0,1,0,0,0.2771,0,1]},
{"frame":110,"values":[1,0,0,0,0,1,0,0,0,0,1,0,0,0.2771,0,1]}],"loopBehavior":1,"name":"anim","property":"_matrix"}},
{"name":"Head","index":10,"matrix":[1,0,0,0,0,1,0,0,0,0,1,0,0,0.043,0,1],"rest":[1,0,0,0,0,1,0,0,0,0,1,0,0,0.043,0,1],"parentBoneIndex":9,"length":0.9357
,"animation":{"dataType":3,"framePerSecond":24,"keys":[
{"frame":0,"values":[1,0,0,0,0,1,0,0,0,0,1,0,0,0.043,0,1]},
{"frame":1,"values":[1,0,0,0,0,1,0,0,0,0,1,0,0,0.043,0,1]},
{"frame":10,"values":[1,0,0,0,0,1,0,0,0,0,1,0,0,0.043,0,1]},
{"frame":110,"values":[1,0,0,0,0,1,0,0,0,0,1,0,0,0.043,0,1]}],"loopBehavior":1,"name":"anim","property":"_matrix"}},
{"name":"ShoulderConnector.L","index":11,"matrix":[0.7139,0.5299,-0.4578,0,0.596,-0.803,0,0,-0.3676,-0.2729,-0.8891,0,0,0.2771,0,1],"rest":[0.7139,0.5299,-0.4578,0,0.596,-0.803,0,0,-0.3676,-0.2729,-0.8891,0,0,0.2771,0,1],"parentBoneIndex":8,"length":0.1374
,"animation":{"dataType":3,"framePerSecond":24,"keys":[
{"frame":0,"values":[0.7139,0.5299,-0.4578,0,0.596,-0.803,0,0,-0.3676,-0.2729,-0.8891,0,0,0.2771,0,1]},
{"frame":1,"values":[0.7139,0.5299,-0.4578,0,0.596,-0.803,0,0,-0.3676,-0.2729,-0.8891,0,0,0.2771,0,1]},
{"frame":10,"values":[0.7139,0.5299,-0.4578,0,0.596,-0.803,0,0,-0.3676,-0.2729,-0.8891,0,0,0.2771,0,1]},
{"frame":110,"values":[0.7139,0.5299,-0.4578,0,0.596,-0.803,0,0,-0.3676,-0.2729,-0.8891,0,0,0.2771,0,1]}],"loopBehavior":1,"name":"anim","property":"_matrix"}},
{"name":"Shoulder.L","index":12,"matrix":[-0.4578,0,-0.8891,0,0.7139,0.596,-0.3676,0,0.5299,-0.803,-0.2729,0,0,0.1374,0,1],"rest":[-0.4578,0,-0.8891,0,0.7139,0.596,-0.3676,0,0.5299,-0.803,-0.2729,0,0,0.1374,0,1],"parentBoneIndex":11,"length":0.1835
,"animation":{"dataType":3,"framePerSecond":24,"keys":[
{"frame":0,"values":[-0.4578,0,-0.8891,0,0.7139,0.596,-0.3676,0,0.5299,-0.803,-0.2729,0,0,0.1374,0,1]},
{"frame":1,"values":[-0.4578,0,-0.8891,0,0.7139,0.596,-0.3676,0,0.5299,-0.803,-0.2729,0,0,0.1374,0,1]},
{"frame":10,"values":[-0.4578,0,-0.8891,0,0.7139,0.596,-0.3676,0,0.5299,-0.803,-0.2729,0,0,0.1374,0,1]},
{"frame":110,"values":[-0.4578,0,-0.8891,0,0.7139,0.596,-0.3676,0,0.5299,-0.803,-0.2729,0,0,0.1374,0,1]}],"loopBehavior":1,"name":"anim","property":"_matrix"}},
{"name":"UpperArm.L","index":13,"matrix":[0.9298,0.0011,0.3681,0,0.3437,0.3553,-0.8693,0,-0.1317,0.9348,0.33,0,0,0.1835,0,1],"rest":[1,0,0,0,0,1,0,0,0,0,1,0,0,0.1835,0,1],"parentBoneIndex":12,"length":0.2946
,"animation":{"dataType":3,"framePerSecond":24,"keys":[
{"frame":0,"values":[0.9298,0.0011,0.3681,0,0.3437,0.3553,-0.8693,0,-0.1317,0.9348,0.33,0,0,0.1835,0,1]},
{"frame":1,"values":[0.9298,0.0011,0.3681,0,0.3437,0.3553,-0.8693,0,-0.1317,0.9348,0.33,0,0,0.1835,0,1]},
{"frame":10,"values":[1,0,0,0,0,0.3503,-0.9366,0,0,0.9366,0.3503,0,0,0.1835,0,1]},
{"frame":12,"values":[0.9995,0,-0.0315,0,-0.0295,0.3503,-0.9362,0,0.011,0.9366,0.3502,0,0,0.1835,0,1]},
{"frame":13,"values":[0.998,0,-0.0631,0,-0.0591,0.3503,-0.9348,0,0.0221,0.9366,0.3496,0,0,0.1835,0,1]},
{"frame":14,"values":[0.9955,0,-0.0949,0,-0.0889,0.3503,-0.9324,0,0.0332,0.9366,0.3488,0,0,0.1835,0,1]},
{"frame":15,"values":[0.9919,0,-0.1267,0,-0.1187,0.3503,-0.9291,0,0.0444,0.9366,0.3475,0,0,0.1835,0,1]},
{"frame":16,"values":[0.9874,0,-0.1585,0,-0.1485,0.3503,-0.9248,0,0.0555,0.9366,0.3459,0,0,0.1835,0,1]},
{"frame":17,"values":[0.9817,0,-0.1903,0,-0.1782,0.3503,-0.9195,0,0.0667,0.9366,0.3439,0,0,0.1835,0,1]},
{"frame":18,"values":[0.9751,0,-0.2219,0,-0.2078,0.3503,-0.9133,0,0.0777,0.9366,0.3416,0,0,0.1835,0,1]},
{"frame":19,"values":[0.9674,0,-0.2534,0,-0.2374,0.3503,-0.906,0,0.0888,0.9366,0.3389,0,0,0.1835,0,1]},
{"frame":20,"values":[0.9586,0,-0.2847,0,-0.2667,0.3503,-0.8979,0,0.0998,0.9366,0.3358,0,0,0.1835,0,1]},
{"frame":21,"values":[0.9488,0,-0.3158,0,-0.2958,0.3503,-0.8887,0,0.1106,0.9366,0.3324,0,0,0.1835,0,1]},
{"frame":22,"values":[0.938,0,-0.3465,0,-0.3246,0.3503,-0.8786,0,0.1214,0.9366,0.3286,0,0,0.1835,0,1]},
{"frame":23,"values":[0.9262,0,-0.3769,0,-0.353,0.3503,-0.8675,0,0.1321,0.9366,0.3245,0,0,0.1835,0,1]},
{"frame":24,"values":[0.9135,0,-0.4069,0,-0.3811,0.3503,-0.8556,0,0.1426,0.9366,0.32,0,0,0.1835,0,1]},
{"frame":25,"values":[0.8997,0,-0.4365,0,-0.4088,0.3503,-0.8427,0,0.1529,0.9366,0.3152,0,0,0.1835,0,1]},
{"frame":26,"values":[0.885,0,-0.4655,0,-0.436,0.3503,-0.8289,0,0.1631,0.9366,0.3101,0,0,0.1835,0,1]},
{"frame":27,"values":[0.8694,0,-0.4941,0,-0.4627,0.3503,-0.8143,0,0.1731,0.9366,0.3046,0,0,0.1835,0,1]},
{"frame":28,"values":[0.8529,0,-0.522,0,-0.4889,0.3503,-0.7989,0,0.1829,0.9366,0.2988,0,0,0.1835,0,1]},
{"frame":29,"values":[0.8356,0,-0.5493,0,-0.5145,0.3503,-0.7827,0,0.1924,0.9366,0.2928,0,0,0.1835,0,1]},
{"frame":30,"values":[0.8175,0,-0.576,0,-0.5395,0.3503,-0.7657,0,0.2018,0.9366,0.2864,0,0,0.1835,0,1]},
{"frame":31,"values":[0.7985,0,-0.6019,0,-0.5638,0.3503,-0.7479,0,0.2109,0.9366,0.2798,0,0,0.1835,0,1]},
{"frame":32,"values":[0.7789,0,-0.6272,0,-0.5874,0.3503,-0.7295,0,0.2197,0.9366,0.2729,0,0,0.1835,0,1]},
{"frame":33,"values":[0.7585,0,-0.6517,0,-0.6104,0.3503,-0.7104,0,0.2283,0.9366,0.2657,0,0,0.1835,0,1]},
{"frame":34,"values":[0.7375,0,-0.6754,0,-0.6326,0.3503,-0.6907,0,0.2366,0.9366,0.2584,0,0,0.1835,0,1]},
{"frame":35,"values":[0.7158,0,-0.6983,0,-0.654,0.3503,-0.6705,0,0.2446,0.9366,0.2508,0,0,0.1835,0,1]},
{"frame":36,"values":[0.7169,0,-0.6972,0,-0.653,0.3504,-0.6715,0,0.2443,0.9366,0.2512,0,0,0.1835,0,1]},
{"frame":37,"values":[0.7202,0,-0.6938,0,-0.6498,0.3505,-0.6745,0,0.2431,0.9366,0.2524,0,0,0.1835,0,1]},
{"frame":38,"values":[0.7256,0.0001,-0.6881,0,-0.6444,0.3506,-0.6796,0,0.2412,0.9365,0.2545,0,0,0.1835,0,1]},
{"frame":39,"values":[0.7334,0.0002,-0.6799,0,-0.6367,0.3509,-0.6867,0,0.2384,0.9364,0.2574,0,0,0.1835,0,1]},
{"frame":40,"values":[0.7432,0.0003,-0.669,0,-0.6265,0.3512,-0.6958,0,0.2348,0.9363,0.2612,0,0,0.1835,0,1]},
{"frame":41,"values":[0.7552,0.0004,-0.6555,0,-0.6137,0.3515,-0.7069,0,0.2302,0.9362,0.2657,0,0,0.1835,0,1]},
{"frame":42,"values":[0.7691,0.0005,-0.6391,0,-0.5983,0.3519,-0.7198,0,0.2246,0.936,0.271,0,0,0.1835,0,1]},
{"frame":43,"values":[0.7848,0.0006,-0.6198,0,-0.5802,0.3524,-0.7343,0,0.218,0.9358,0.2769,0,0,0.1835,0,1]},
{"frame":44,"values":[0.8019,0.0007,-0.5975,0,-0.5593,0.353,-0.7501,0,0.2104,0.9356,0.2834,0,0,0.1835,0,1]},
{"frame":45,"values":[0.82,0.0008,-0.5723,0,-0.5356,0.3535,-0.7669,0,0.2017,0.9354,0.2904,0,0,0.1835,0,1]},
{"frame":46,"values":[0.8389,0.0009,-0.5443,0,-0.5093,0.3542,-0.7844,0,0.192,0.9352,0.2976,0,0,0.1835,0,1]},
{"frame":47,"values":[0.8581,0.001,-0.5135,0,-0.4804,0.3548,-0.8021,0,0.1814,0.9349,0.3049,0,0,0.1835,0,1]},
{"frame":48,"values":[0.8771,0.0011,-0.4803,0,-0.4492,0.3555,-0.8197,0,0.1699,0.9347,0.3123,0,0,0.1835,0,1]},
{"frame":49,"values":[0.8956,0.0011,-0.4449,0,-0.4161,0.3561,-0.8367,0,0.1575,0.9344,0.3194,0,0,0.1835,0,1]},
{"frame":50,"values":[0.9131,0.0011,-0.4078,0,-0.3813,0.3568,-0.8528,0,0.1446,0.9342,0.3262,0,0,0.1835,0,1]},
{"frame":51,"values":[0.9293,0.001,-0.3693,0,-0.3452,0.3574,-0.8678,0,0.1311,0.9339,0.3325,0,0,0.1835,0,1]},
{"frame":52,"values":[0.944,0.001,-0.33,0,-0.3084,0.358,-0.8813,0,0.1173,0.9337,0.3383,0,0,0.1835,0,1]},
{"frame":53,"values":[0.957,0.0009,-0.2902,0,-0.2712,0.3585,-0.8932,0,0.1032,0.9335,0.3434,0,0,0.1835,0,1]},
{"frame":54,"values":[0.9681,0.0008,-0.2505,0,-0.234,0.359,-0.9035,0,0.0892,0.9333,0.3478,0,0,0.1835,0,1]},
{"frame":55,"values":[0.9775,0.0007,-0.2111,0,-0.1973,0.3595,-0.9121,0,0.0753,0.9332,0.3515,0,0,0.1835,0,1]},
{"frame":56,"values":[0.985,0.0006,-0.1726,0,-0.1612,0.3598,-0.919,0,0.0616,0.933,0.3545,0,0,0.1835,0,1]},
{"frame":57,"values":[0.9908,0.0004,-0.1351,0,-0.1262,0.3602,-0.9243,0,0.0483,0.9329,0.3569,0,0,0.1835,0,1]},
{"frame":58,"values":[0.9951,0.0003,-0.099,0,-0.0925,0.3604,-0.9282,0,0.0354,0.9328,0.3586,0,0,0.1835,0,1]},
{"frame":59,"values":[0.9979,0.0002,-0.0643,0,-0.0601,0.3606,-0.9308,0,0.023,0.9327,0.3598,0,0,0.1835,0,1]},
{"frame":60,"values":[0.9995,0.0001,-0.0313,0,-0.0292,0.3606,-0.9322,0,0.0112,0.9327,0.3605,0,0,0.1835,0,1]},
{"frame":61,"values":[1,0,0,0,0,0.3607,-0.9327,0,0,0.9327,0.3607,0,0,0.1835,0,1]},
{"frame":62,"values":[0.9995,-0.0001,0.0317,0,0.0296,0.3607,-0.9322,0,-0.0113,0.9327,0.3605,0,0,0.1835,0,1]},
{"frame":63,"values":[0.9978,-0.0001,0.0657,0,0.0613,0.3607,-0.9307,0,-0.0236,0.9327,0.3599,0,0,0.1835,0,1]},
{"frame":64,"values":[0.9948,-0.0002,0.1021,0,0.0953,0.3607,-0.9278,0,-0.0366,0.9327,0.3588,0,0,0.1835,0,1]},
{"frame":65,"values":[0.9901,-0.0002,0.1406,0,0.1312,0.3607,-0.9234,0,-0.0505,0.9327,0.3571,0,0,0.1835,0,1]},
{"frame":66,"values":[0.9835,-0.0003,0.1809,0,0.1689,0.3607,-0.9173,0,-0.065,0.9327,0.3548,0,0,0.1835,0,1]},
{"frame":67,"values":[0.9748,-0.0003,0.2229,0,0.208,0.3606,-0.9092,0,-0.0801,0.9327,0.3516,0,0,0.1835,0,1]},
{"frame":68,"values":[0.964,-0.0003,0.266,0,0.2482,0.3606,-0.8991,0,-0.0956,0.9327,0.3477,0,0,0.1835,0,1]},
{"frame":69,"values":[0.9509,-0.0003,0.3096,0,0.2889,0.3606,-0.8868,0,-0.1114,0.9327,0.343,0,0,0.1835,0,1]},
{"frame":70,"values":[0.9355,-0.0003,0.3534,0,0.3297,0.3606,-0.8725,0,-0.1271,0.9327,0.3375,0,0,0.1835,0,1]},
{"frame":71,"values":[0.918,-0.0003,0.3965,0,0.3699,0.3606,-0.8562,0,-0.1427,0.9327,0.3312,0,0,0.1835,0,1]},
{"frame":72,"values":[0.8988,-0.0003,0.4383,0,0.4089,0.3606,-0.8383,0,-0.1578,0.9327,0.3243,0,0,0.1835,0,1]},
{"frame":73,"values":[0.8782,-0.0003,0.4782,0,0.4461,0.3606,-0.8191,0,-0.1722,0.9327,0.3168,0,0,0.1835,0,1]},
{"frame":74,"values":[0.8568,-0.0002,0.5157,0,0.4811,0.3606,-0.7991,0,-0.1858,0.9327,0.3091,0,0,0.1835,0,1]},
{"frame":75,"values":[0.835,-0.0002,0.5502,0,0.5133,0.3606,-0.7788,0,-0.1983,0.9327,0.3012,0,0,0.1835,0,1]},
{"frame":76,"values":[0.8135,-0.0002,0.5815,0,0.5424,0.3606,-0.7588,0,-0.2096,0.9327,0.2935,0,0,0.1835,0,1]},
{"frame":77,"values":[0.793,-0.0001,0.6092,0,0.5683,0.3606,-0.7396,0,-0.2196,0.9327,0.2861,0,0,0.1835,0,1]},
{"frame":78,"values":[0.7738,-0.0001,0.6334,0,0.5908,0.3606,-0.7217,0,-0.2283,0.9327,0.2791,0,0,0.1835,0,1]},
{"frame":79,"values":[0.7566,-0.0001,0.6539,0,0.6099,0.3607,-0.7056,0,-0.2358,0.9327,0.2729,0,0,0.1835,0,1]},
{"frame":80,"values":[0.7416,-0.0001,0.6709,0,0.6257,0.3607,-0.6917,0,-0.2419,0.9327,0.2675,0,0,0.1835,0,1]},
{"frame":81,"values":[0.7291,0,0.6844,0,0.6384,0.3607,-0.68,0,-0.2468,0.9327,0.263,0,0,0.1835,0,1]},
{"frame":82,"values":[0.7193,0,0.6947,0,0.6479,0.3607,-0.6709,0,-0.2505,0.9327,0.2595,0,0,0.1835,0,1]},
{"frame":83,"values":[0.7124,0,0.7018,0,0.6546,0.3607,-0.6644,0,-0.2531,0.9327,0.2569,0,0,0.1835,0,1]},
{"frame":84,"values":[0.7082,0,0.706,0,0.6585,0.3607,-0.6605,0,-0.2546,0.9327,0.2554,0,0,0.1835,0,1]},
{"frame":85,"values":[0.7068,0,0.7074,0,0.6598,0.3607,-0.6593,0,-0.2551,0.9327,0.2549,0,0,0.1835,0,1]},
{"frame":86,"values":[0.7282,0.0002,0.6853,0,0.6393,0.3603,-0.6794,0,-0.247,0.9328,0.2623,0,0,0.1835,0,1]},
{"frame":87,"values":[0.7491,0.0003,0.6625,0,0.618,0.3599,-0.6989,0,-0.2387,0.933,0.2694,0,0,0.1835,0,1]},
{"frame":88,"values":[0.7693,0.0005,0.6389,0,0.5961,0.3595,-0.7179,0,-0.23,0.9331,0.2763,0,0,0.1835,0,1]},
{"frame":89,"values":[0.7888,0.0006,0.6146,0,0.5735,0.3591,-0.7363,0,-0.2211,0.9333,0.2829,0,0,0.1835,0,1]},
{"frame":90,"values":[0.8077,0.0007,0.5896,0,0.5502,0.3587,-0.7541,0,-0.212,0.9335,0.2893,0,0,0.1835,0,1]},
{"frame":91,"values":[0.8258,0.0008,0.5639,0,0.5262,0.3583,-0.7712,0,-0.2027,0.9336,0.2955,0,0,0.1835,0,1]},
{"frame":92,"values":[0.8432,0.0009,0.5376,0,0.5017,0.3579,-0.7875,0,-0.1931,0.9338,0.3013,0,0,0.1835,0,1]},
{"frame":93,"values":[0.8598,0.001,0.5106,0,0.4766,0.3574,-0.8032,0,-0.1833,0.9339,0.3069,0,0,0.1835,0,1]},
{"frame":94,"values":[0.8756,0.001,0.4831,0,0.451,0.357,-0.818,0,-0.1733,0.9341,0.3121,0,0,0.1835,0,1]},
{"frame":95,"values":[0.8905,0.0011,0.4551,0,0.4248,0.3566,-0.8321,0,-0.1631,0.9343,0.3171,0,0,0.1835,0,1]},
{"frame":96,"values":[0.9045,0.0011,0.4265,0,0.3982,0.3562,-0.8453,0,-0.1528,0.9344,0.3217,0,0,0.1835,0,1]},
{"frame":97,"values":[0.9176,0.0011,0.3975,0,0.3711,0.3557,-0.8577,0,-0.1424,0.9346,0.326,0,0,0.1835,0,1]},
{"frame":98,"values":[0.9298,0.0011,0.3681,0,0.3437,0.3553,-0.8693,0,-0.1317,0.9348,0.33,0,0,0.1835,0,1]},
{"frame":99,"values":[0.941,0.0011,0.3383,0,0.3159,0.3549,-0.8799,0,-0.121,0.9349,0.3336,0,0,0.1835,0,1]},
{"frame":100,"values":[0.9513,0.0011,0.3082,0,0.2879,0.3544,-0.8897,0,-0.1102,0.9351,0.3369,0,0,0.1835,0,1]},
{"frame":101,"values":[0.9606,0.001,0.2778,0,0.2595,0.354,-0.8985,0,-0.0993,0.9352,0.3398,0,0,0.1835,0,1]},
{"frame":102,"values":[0.969,0.001,0.2472,0,0.231,0.3536,-0.9064,0,-0.0883,0.9354,0.3424,0,0,0.1835,0,1]},
{"frame":103,"values":[0.9763,0.0009,0.2165,0,0.2022,0.3532,-0.9134,0,-0.0773,0.9356,0.3446,0,0,0.1835,0,1]},
{"frame":104,"values":[0.9826,0.0008,0.1856,0,0.1734,0.3528,-0.9195,0,-0.0662,0.9357,0.3465,0,0,0.1835,0,1]},
{"frame":105,"values":[0.988,0.0007,0.1546,0,0.1444,0.3523,-0.9247,0,-0.0551,0.9359,0.348,0,0,0.1835,0,1]},
{"frame":106,"values":[0.9923,0.0006,0.1235,0,0.1154,0.3519,-0.9289,0,-0.044,0.936,0.3492,0,0,0.1835,0,1]},
{"frame":107,"values":[0.9957,0.0005,0.0925,0,0.0865,0.3515,-0.9322,0,-0.033,0.9362,0.35,0,0,0.1835,0,1]},
{"frame":108,"values":[0.9981,0.0003,0.0616,0,0.0575,0.3511,-0.9346,0,-0.0219,0.9363,0.3504,0,0,0.1835,0,1]},
{"frame":109,"values":[0.9995,0.0002,0.0307,0,0.0287,0.3507,-0.936,0,-0.0109,0.9365,0.3506,0,0,0.1835,0,1]},
{"frame":110,"values":[1,0,0,0,0,0.3503,-0.9366,0,0,0.9366,0.3503,0,0,0.1835,0,1]}],"loopBehavior":1,"name":"anim","property":"_matrix"}},
{"name":"LowerArm.L","index":14,"matrix":[1,0,0,0,0,1,0,0,0,0,1,0,0,0.2946,0,1],"rest":[1,0,0,0,0,1,0,0,0,0,1,0,0,0.2946,0,1],"parentBoneIndex":13,"length":0.2788
,"animation":{"dataType":3,"framePerSecond":24,"keys":[
{"frame":0,"values":[1,0,0,0,0,1,0,0,0,0,1,0,0,0.2946,0,1]},
{"frame":1,"values":[1,0,0,0,0,1,0,0,0,0,1,0,0,0.2946,0,1]},
{"frame":10,"values":[1,0,0,0,0,1,0,0,0,0,1,0,0,0.2946,0,1]},
{"frame":110,"values":[1,0,0,0,0,1,0,0,0,0,1,0,0,0.2946,0,1]}],"loopBehavior":1,"name":"anim","property":"_matrix"}},
{"name":"Hand.L","index":15,"matrix":[1,0,0,0,0,1,0,0,0,0,1,0,0,0.2788,0,1],"rest":[1,0,0,0,0,1,0,0,0,0,1,0,0,0.2788,0,1],"parentBoneIndex":14,"length":0.1078
,"animation":{"dataType":3,"framePerSecond":24,"keys":[
{"frame":0,"values":[1,0,0,0,0,1,0,0,0,0,1,0,0,0.2788,0,1]},
{"frame":1,"values":[1,0,0,0,0,1,0,0,0,0,1,0,0,0.2788,0,1]},
{"frame":10,"values":[1,0,0,0,0,1,0,0,0,0,1,0,0,0.2788,0,1]},
{"frame":110,"values":[1,0,0,0,0,1,0,0,0,0,1,0,0,0.2788,0,1]}],"loopBehavior":1,"name":"anim","property":"_matrix"}},
{"name":"ShoulderConnector.R","index":16,"matrix":[0.7139,-0.5299,0.4578,0,-0.596,-0.803,0,0,0.3676,-0.2729,-0.8891,0,0,0.2771,0,1],"rest":[0.7139,-0.5299,0.4578,0,-0.596,-0.803,0,0,0.3676,-0.2729,-0.8891,0,0,0.2771,0,1],"parentBoneIndex":8,"length":0.1374
,"animation":{"dataType":3,"framePerSecond":24,"keys":[
{"frame":0,"values":[0.7139,-0.5299,0.4578,0,-0.596,-0.803,0,0,0.3676,-0.2729,-0.8891,0,0,0.2771,0,1]},
{"frame":1,"values":[0.7139,-0.5299,0.4578,0,-0.596,-0.803,0,0,0.3676,-0.2729,-0.8891,0,0,0.2771,0,1]},
{"frame":10,"values":[0.7139,-0.5299,0.4578,0,-0.596,-0.803,0,0,0.3676,-0.2729,-0.8891,0,0,0.2771,0,1]},
{"frame":110,"values":[0.7139,-0.5299,0.4578,0,-0.596,-0.803,0,0,0.3676,-0.2729,-0.8891,0,0,0.2771,0,1]}],"loopBehavior":1,"name":"anim","property":"_matrix"}},
{"name":"Shoulder.R","index":17,"matrix":[-0.4578,0,0.8891,0,-0.7139,0.596,-0.3676,0,-0.5299,-0.803,-0.2729,0,0,0.1374,0,1],"rest":[-0.4578,0,0.8891,0,-0.7139,0.596,-0.3676,0,-0.5299,-0.803,-0.2729,0,0,0.1374,0,1],"parentBoneIndex":16,"length":0.1835
,"animation":{"dataType":3,"framePerSecond":24,"keys":[
{"frame":0,"values":[-0.4578,0,0.8891,0,-0.7139,0.596,-0.3676,0,-0.5299,-0.803,-0.2729,0,0,0.1374,0,1]},
{"frame":1,"values":[-0.4578,0,0.8891,0,-0.7139,0.596,-0.3676,0,-0.5299,-0.803,-0.2729,0,0,0.1374,0,1]},
{"frame":10,"values":[-0.4578,0,0.8891,0,-0.7139,0.596,-0.3676,0,-0.5299,-0.803,-0.2729,0,0,0.1374,0,1]},
{"frame":110,"values":[-0.4578,0,0.8891,0,-0.7139,0.596,-0.3676,0,-0.5299,-0.803,-0.2729,0,0,0.1374,0,1]}],"loopBehavior":1,"name":"anim","property":"_matrix"}},
{"name":"UpperArm.R","index":18,"matrix":[0.932,-0.0011,0.3624,0,0.339,0.3557,-0.8709,0,-0.128,0.9346,0.3319,0,0,0.1835,0,1],"rest":[1,0,0,0,0,1,0,0,0,0,1,0,0,0.1835,0,1],"parentBoneIndex":17,"length":0.2946
,"animation":{"dataType":3,"framePerSecond":24,"keys":[
{"frame":0,"values":[0.932,-0.0011,0.3624,0,0.339,0.3557,-0.8709,0,-0.128,0.9346,0.3319,0,0,0.1835,0,1]},
{"frame":1,"values":[0.932,-0.0011,0.3624,0,0.339,0.3557,-0.8709,0,-0.128,0.9346,0.3319,0,0,0.1835,0,1]},
{"frame":10,"values":[1,0,0,0,0,0.3607,-0.9327,0,0,0.9327,0.3607,0,0,0.1835,0,1]},
{"frame":12,"values":[0.9995,0,-0.032,0,-0.0298,0.3607,-0.9322,0,0.0115,0.9327,0.3605,0,0,0.1835,0,1]},
{"frame":13,"values":[0.9979,0,-0.0642,0,-0.0598,0.3607,-0.9308,0,0.0231,0.9327,0.3599,0,0,0.1835,0,1]},
{"frame":14,"values":[0.9953,0,-0.0964,0,-0.0899,0.3607,-0.9283,0,0.0348,0.9327,0.359,0,0,0.1835,0,1]},
{"frame":15,"values":[0.9917,0,-0.1287,0,-0.1201,0.3607,-0.9249,0,0.0464,0.9327,0.3577,0,0,0.1835,0,1]},
{"frame":16,"values":[0.9869,0,-0.161,0,-0.1502,0.3607,-0.9205,0,0.0581,0.9327,0.356,0,0,0.1835,0,1]},
{"frame":17,"values":[0.9811,0,-0.1933,0,-0.1803,0.3607,-0.9151,0,0.0697,0.9327,0.3539,0,0,0.1835,0,1]},
{"frame":18,"values":[0.9743,0,-0.2255,0,-0.2103,0.3607,-0.9087,0,0.0813,0.9327,0.3514,0,0,0.1835,0,1]},
{"frame":19,"values":[0.9663,0,-0.2575,0,-0.2401,0.3607,-0.9012,0,0.0929,0.9327,0.3485,0,0,0.1835,0,1]},
